0,0,0.43571199999999966,0.451959,2.802303,0.0
0,1,0.43571199999999966,0.451959,2.802303,0.0
0,2,0.48606499999999997,0.5025849999999998,2.7516770000000004,0.0
0,3,0.537156,0.5541849999999999,2.648477,0.0
0,4,0.5881420000000004,0.6058500000000002,2.4934819999999993,0.0
0,5,0.638147,0.6566070000000002,2.2904539999999995,0.0
0,6,0.6862699999999995,0.7061349999999997,2.0428140000000017,0.0
0,7,0.7317859999999996,0.7530399999999995,1.7613840000000032,0.0
0,8,0.7738970000000007,0.7974270000000008,1.4506749999999942,0.0
0,9,0.8120789999999998,0.8385749999999996,1.1214910000000033,0.0
0,10,0.8459289999999999,0.8761620000000008,0.783207999999993,0.0
0,11,0.8752369999999985,0.9103459999999988,0.4413680000000131,0.0
0,12,0.8999680000000012,0.9413030000000013,0.10084099999998486,0.0
0,13,0.9202169999999992,0.9695469999999986,-0.2380869999999824,0.0
0,14,0.9363630000000001,0.9945250000000012,-0.5628010000000163,0.0
0,15,0.9486460000000001,1.0187029999999986,-0.9012929999999795,0.0
0,16,0.9577690000000008,1.04162,-1.2450480000000006,0.0
0,17,0.9641400000000004,1.0645179999999996,-1.6114159999999949,0.0
0,18,0.9683220000000006,1.088592000000002,-2.020674000000035,0.0
0,19,0.9709949999999985,1.1126219999999982,-2.453213999999967,0.0
0,20,0.9722930000000005,1.1392489999999995,-2.9591269999999916,0.0
0,21,0.9728300000000019,1.1691020000000023,-3.5561870000000475,0.0
0,22,0.9729329999999976,1.2029040000000002,-4.266029000000003,0.0
0,23,0.972960999999998,1.2401330000000002,-5.085067000000002,0.0
0,24,0.9729829999999993,1.2819140000000004,-6.046030000000009,0.0
0,25,0.9731899999999953,1.328948999999998,-7.174869999999945,0.0
0,26,0.9735599999999991,1.3816640000000007,-8.492745000000017,0.0
0,27,0.9740110000000008,1.4408129999999986,-10.030618999999962,0.0
0,28,0.9744629999999965,1.507239000000002,-11.824121000000055,0.0
0,29,0.9747920000000008,1.5800199999999975,-13.86198899999993,0.0
0,30,0.9749839999999992,1.6696820000000017,-16.46218700000005,0.0
0,31,0.9746319999999997,1.7726710000000026,-19.551857000000076,0.0
0,32,0.9744910000000004,1.8927039999999948,-23.272879999999837,0.0
0,33,0.9744910000000004,2.0483170000000044,-28.252496000000143,0.0
0,34,0.9750289999999993,2.2341610000000003,-34.38534800000001,0.0
0,35,0.9758190000000013,2.466515000000001,-42.285384000000036,0.0
0,36,0.9772949999999909,2.7457039999999964,-52.05699899999987,0.0
0,37,0.9795309999999944,3.0773280000000014,-63.99546300000004,0.0
0,38,0.9805737777777779,3.4414409999999975,-77.46764399999991,0.0
0,39,0.9768910000000002,3.818438999999998,-91.79356799999991,0.0
0,40,0.9735587142857136,4.205013000000001,-106.86995400000004,0.0
0,41,0.969595666666668,4.569054000000001,-121.43159400000005,0.0
0,42,0.9651127499999959,4.912239,-135.50217899999998,0.0
0,43,0.9603399999999928,5.238051999999996,-149.18632499999984,0.0
0,44,0.9557570000000055,5.567993999999999,-163.37383099999994,0.0
0,45,0.9520260000000178,5.971077000000008,-181.1094830000004,0.0
0,46,0.9520260000000178,6.500067999999999,-204.91407799999996,0.0
0,47,0.9587019999999598,7.320190999999994,-242.6397359999997,0.0
0,48,0.9747390000000564,8.79898,-312.14281900000003,0.0
0,49,0.9503665000000296,11.841546000000008,-458.1859870000004,0.0
0,50,0.7523949999999786,19.212074,-819.3418590000001,0.0
0,51,0.7523949999999786,40.738158999999996,-1895.6461089999998,0.0
1,0,0.43571199999999966,0.451959,2.802303,0.0
1,1,0.48606499999999997,0.5023120000000003,2.75195,0.0
1,2,0.537156,0.5536759999999998,2.6494950000000004,0.0
1,3,0.5881420000000004,0.6051710000000003,2.495518999999999,0.0
1,4,0.638147,0.6558549999999999,2.2934620000000008,0.0
1,5,0.6862699999999995,0.7047299999999996,2.049839000000002,0.0
1,6,0.7317859999999996,0.7516509999999998,1.769718000000001,0.0
1,7,0.7738970000000007,0.7951510000000006,1.4666069999999953,0.0
1,8,0.8120789999999998,0.8356089999999998,1.1452190000000018,0.0
1,9,0.8459289999999999,0.8724249999999998,0.8168410000000019,0.0
1,10,0.8752369999999985,0.9054699999999993,0.49012800000000745,0.0
1,11,0.8999680000000012,0.9350770000000015,0.16932699999998313,0.0
1,12,0.9202169999999992,0.9615519999999993,-0.1421469999999907,0.0
1,13,0.9363630000000001,0.9856929999999995,-0.44798499999999386,0.0
1,14,0.9499899999999997,1.0068080000000013,-0.7361070000000165,0.0
1,15,0.9577690000000008,1.0278259999999992,-1.0381379999999893,0.0
1,16,0.9650649999999992,1.0479909999999997,-1.3479089999999943,0.0
1,17,0.969106,1.0686999999999998,-1.6832939999999965,0.0
1,18,0.9715050000000005,1.091265,-2.069298,0.0
1,19,0.9729480000000024,1.1139200000000002,-2.4785310000000074,0.0
1,20,0.9734310000000015,1.1397860000000009,-2.970468000000018,0.0
1,21,0.973471,1.169204999999998,-3.5588879999999605,0.0
1,22,0.9735700000000023,1.2030310000000028,-4.269432000000066,0.0
1,23,0.9729829999999993,1.2401550000000015,-5.085573000000032,0.0
1,24,0.9731899999999989,1.282121,-6.050998,0.0
1,25,0.974138,1.3293189999999981,-7.184697999999955,0.0
1,26,0.97513,1.3826140000000002,-8.518564000000005,0.0
1,27,0.97513,1.4412649999999978,-10.043489999999938,0.0
1,28,0.975757999999999,1.507798000000001,-11.840739000000028,0.0
1,29,0.975757999999999,1.580211999999996,-13.868330999999884,0.0
1,30,0.9759480000000025,1.6697190000000006,-16.464224000000023,0.0
1,31,0.9750209999999981,1.7722820000000041,-19.540187000000124,0.0
1,32,0.9759449999999958,1.8925629999999956,-23.269821999999856,0.0
1,33,0.976536000000003,2.048855000000003,-28.271757000000107,0.0
1,34,0.9758190000000013,2.2349510000000024,-34.41220800000008,0.0
1,35,0.9798849999999959,2.467990999999998,-42.33963399999992,0.0
1,36,0.9795310000000015,2.74794,-52.137494999999994,0.0
1,37,0.9832611111111105,3.080066000000002,-64.09776111111118,0.0
1,38,0.9805737777777779,3.4414409999999975,-77.46764399999991,0.00401022222222025
1,39,0.9768910000000002,3.818438999999998,-91.79356799999991,0.008178000000009789
1,40,0.9735587142857136,4.205013000000001,-106.86995400000004,0.011076285714283651
1,41,0.969595666666668,4.569054000000001,-121.43159400000005,0.011079333333337105
1,42,0.9651127499999959,4.912239,-135.50217899999998,0.008642250000015395
1,43,0.9603399999999928,5.238051999999996,-149.18632499999984,0.004328999999993699
1,44,0.9557570000000055,5.567993999999999,-163.37383099999994,0.00018299999999271677
1,45,0.9557570000000055,5.967346000000012,-180.9453190000005,0.0
1,46,0.9634399999999914,6.506743999999998,-205.22591199999988,0.0
1,47,0.9747389999999996,7.336227999999991,-243.39347499999957,0.0
1,48,0.9861989999999992,8.81044,-312.692899,0.0
1,49,0.9503665000000296,11.841546000000008,-458.1859870000004,0.0046044999999708125
1,50,0.9503665000000296,19.014102499999986,-809.6412554999994,0.0
2,0,0.488966,0.5023120000000003,2.749049,0.0
2,1,0.5400189999999996,0.5533649999999999,2.6469430000000007,0.0
2,2,0.5932590000000006,0.6046100000000001,2.4892179999999984,0.0
2,3,0.6431370000000003,0.6551119999999999,2.2884579999999994,0.0
2,4,0.6911459999999998,0.7039179999999998,2.0460220000000007,0.0
2,5,0.7343010000000003,0.7500740000000006,1.7750879999999967,0.0
2,6,0.7763370000000007,0.7936870000000003,1.4729509999999975,0.0
2,7,0.8143720000000005,0.8331860000000004,1.1598869999999968,0.0
2,8,0.8480679999999996,0.8693049999999989,0.8396620000000095,0.0
2,9,0.8772059999999993,0.9015629999999994,0.5233220000000056,0.0
2,10,0.9017590000000002,0.9300230000000003,0.21807599999999638,0.0
2,11,0.9218659999999996,0.9551840000000009,-0.07374800000000903,0.0
2,12,0.9377700000000004,0.9774560000000001,-0.35054800000000164,0.0
2,13,0.9499899999999997,0.9979129999999987,-0.6204719999999835,0.0
2,14,0.958836999999999,1.0156550000000006,-0.8688120000000072,0.0
2,15,0.9650649999999992,1.0340539999999994,-1.1388539999999896,0.0
2,16,0.969106,1.0520320000000005,-1.4166060000000087,0.0
2,17,0.9715050000000005,1.0710990000000002,-1.7264760000000052,0.0
2,18,0.9729480000000024,1.0927080000000018,-2.096715000000035,0.0
2,19,0.9734310000000015,1.1144029999999994,-2.48819099999999,0.0
2,20,0.9735200000000006,1.139875,-2.9723369999999996,0.0
2,21,0.9739189999999986,1.1691559999999974,-3.5587549999999446,0.0
2,22,0.9742219999999975,1.203329,-4.277291999999996,0.0
2,23,0.973751,1.2403359999999992,-5.0905039999999815,0.0
2,24,0.9745980000000003,1.282508,-6.062154,0.0
2,25,0.9756639999999983,1.3303489999999982,-7.213006999999951,0.0
2,26,0.9761269999999982,1.3830770000000001,-8.532595999999998,0.0
2,27,0.9761269999999982,1.4416629999999984,-10.055831999999953,0.0
2,28,0.975757999999999,1.507798000000001,-11.840739000000028,0.0
2,29,0.9766040000000018,1.5804019999999994,-13.875342999999987,0.0
2,30,0.9759870000000035,1.6697580000000016,-16.465433000000054,0.0
2,31,0.9759870000000035,1.7722399999999965,-19.5398929999999,0.0
2,32,0.9778629999999993,1.8931540000000027,-23.291979000000083,0.0
2,33,0.9819749999999985,2.052810000000001,-28.411697000000025,0.0
2,34,0.9798849999999959,2.2368469999999974,-34.4807379999999,0.0
2,35,0.9823799999999991,2.470486000000001,-42.42945400000004,0.0
2,36,0.9864323333333331,2.750754999999998,-52.2469736666666,0.0
2,37,0.9832611111111105,3.080066000000002,-64.0977611111112,0.004260888888893533
2,38,0.9805737777777779,3.4414409999999975,-77.46764399999991,0.01206144444445556
2,39,0.9768910000000002,3.818438999999998,-91.79356799999991,0.018019999999996372
2,40,0.9735587142857136,4.205013000000001,-106.86995400000004,0.02063757142856959
2,41,0.969595666666668,4.569054000000001,-121.43159400000005,0.01743566666666152
2,42,0.9651127499999959,4.912239,-135.50217899999998,0.010463500000000181
2,43,0.9603399999999928,5.238051999999996,-149.18632499999984,0.002637000000011769
2,44,0.9603400000000116,5.558827999999991,-162.97969299999963,0.0
2,45,0.9634399999999914,5.975028999999992,-181.29873699999965,0.0
2,46,0.9872510000000005,6.527290000000008,-206.19810400000037,0.0
2,47,1.007911000000007,7.360152999999997,-244.5511219999999,0.0
2,48,1.0095025000000035,8.812031499999996,-312.79259449999984,0.005679500000042026
2,49,1.0095025000000035,11.746577500000008,-453.6508025000004,0.0
3,0,0.5423649999999998,0.5533649999999999,2.6422510000000003,0.0
3,1,0.5932590000000006,0.6042590000000008,2.4895689999999977,0.0
3,2,0.6431370000000003,0.6544879999999997,2.289706,0.0
3,3,0.6911459999999998,0.7031209999999994,2.048413000000002,0.0
3,4,0.7364410000000001,0.7492130000000001,1.7742519999999988,0.0
3,5,0.7782859999999996,0.791919,1.4778930000000008,0.0
3,6,0.8162689999999992,0.8316699999999999,1.1651890000000025,0.0
3,7,0.8513169999999999,0.8667429999999996,0.8496070000000024,0.0
3,8,0.8788210000000003,0.8983000000000008,0.546195999999993,0.0
3,9,0.9032270000000011,0.9259690000000003,0.2516259999999946,0.0
3,10,0.9231870000000004,0.9499829999999996,-0.02437999999999718,0.0
3,11,0.9399960000000007,0.9709889999999994,-0.28486699999999665,0.0
3,12,0.9509869999999996,0.9894510000000007,-0.5209220000000077,0.0
3,13,0.9598110000000002,1.0067369999999993,-0.7548259999999924,0.0
3,14,0.9658169999999995,1.021661,-0.9668559999999982,0.0
3,15,0.9697510000000023,1.0379880000000021,-1.2072360000000373,0.0
3,16,0.9720480000000009,1.0543289999999992,-1.459241999999989,0.0
3,17,0.9732069999999986,1.072257999999998,-1.7495829999999621,0.0
3,18,0.9743279999999999,1.0936629999999994,-2.1171219999999877,0.0
3,19,0.974297,1.1144809999999978,-2.49175299999996,0.0
3,20,0.974297,1.139845000000001,-2.9736690000000223,0.0
3,21,0.9745240000000024,1.1693309999999997,-3.5642400000000016,0.0
3,22,0.9742219999999975,1.203329,-4.277291999999996,0.0
3,23,0.9745980000000003,1.240712000000002,-5.100846000000047,0.0
3,24,0.9751270000000005,1.2830370000000002,-6.075908000000005,0.0
3,25,0.9756639999999983,1.3303489999999982,-7.213006999999951,0.0
3,26,0.9770240000000001,1.3834549999999979,-8.545114999999946,0.0
3,27,0.977292999999996,1.4422399999999982,-10.074600999999937,0.0
3,28,0.977292999999996,1.5079670000000007,-11.849230000000006,0.0
3,29,0.9781990000000036,1.581398,-13.908695000000016,0.0
3,30,0.9790950000000009,1.6709400000000016,-16.50899700000005,0.0
3,31,0.9790950000000009,1.7728959999999958,-19.567676999999875,0.0
3,32,0.983505000000001,1.8975259999999992,-23.447198999999976,0.0
3,33,0.983505000000001,2.052810000000001,-28.416287000000032,0.0
3,34,0.986976999999996,2.239766000000003,-34.59625100000009,0.0
3,35,0.9891967777777779,2.473563999999996,-42.5520423333332,0.0
3,36,0.9864323333333331,2.750754999999998,-52.2469736666666,0.004114666666666267
3,37,0.9832611111111105,3.080066000000002,-64.0977611111112,0.012344777777784088
3,38,0.9805737777777779,3.4414409999999975,-77.46764399999991,0.021672666666674445
3,39,0.9768910000000002,3.818438999999998,-91.79356799999991,0.026377000000008977
3,40,0.9735587142857136,4.205013000000001,-106.86995400000004,0.02546085714285251
3,41,0.969595666666668,4.569054000000001,-121.43159400000005,0.016925999999997998
3,42,0.9651127499999959,4.912239,-135.50217899999998,0.0059377500000081795
3,43,0.9651127499999888,5.223733749999996,-148.5849584999998,0.0
3,44,0.9670179999999959,5.564323999999999,-163.23605499999996,0.0
3,45,0.9872510000000005,5.996443999999997,-182.31003399999986,0.0
3,46,1.0344354999999936,6.572704499999993,-208.4006324999997,0.0
3,47,1.028797499999996,7.373607499999991,-245.2252564999996,0.0062905000000341715
3,48,1.028797499999996,8.792736500000004,-311.92431950000014,0.0
4,0,0.595167,0.6042590000000008,2.4838449999999996,0.0
4,1,0.6450089999999999,0.6541010000000007,2.284477,0.0
4,2,0.6929479999999995,0.7024269999999992,2.0443950000000033,0.0
4,3,0.7381990000000007,0.7483720000000007,1.7715009999999953,0.0
4,4,0.7800090000000006,0.791023,1.4763079999999977,0.0
4,5,0.8191589999999991,0.8296929999999989,1.1650280000000084,0.0
4,6,0.8513169999999999,0.8652040000000003,0.8588409999999982,0.0
4,7,0.8813399999999998,0.8956150000000012,0.5562829999999934,0.0
4,8,0.905505999999999,0.9225839999999987,0.2708360000000134,0.0
4,9,0.9252380000000002,0.945806000000001,0.006131999999990256,0.0
4,10,0.9399960000000007,0.9656690000000001,-0.2316670000000034,0.0
4,11,0.9519370000000009,0.9829299999999996,-0.45204099999999947,0.0
4,12,0.9605499999999996,0.9980639999999994,-0.6529669999999914,0.0
4,13,0.966565000000001,1.0127520000000008,-0.8532830000000136,0.0
4,14,0.9708860000000001,1.025420999999998,-1.035263999999973,0.0
4,15,0.9725529999999978,1.040216000000001,-1.2490620000000057,0.0
4,16,0.9736429999999991,1.0554190000000006,-1.4814670000000056,0.0
4,17,0.9740370000000027,1.0726520000000015,-1.758771000000035,0.0
4,18,0.9744439999999983,1.0936629999999994,-2.1175859999999815,0.0
4,19,0.974297,1.1144809999999978,-2.49175299999996,0.0
4,20,0.9746880000000004,1.1399020000000029,-2.9763160000000575,0.0
4,21,0.974929999999997,1.1693309999999997,-3.56586399999998,0.0
4,22,0.9759709999999977,1.204552999999997,-4.310402999999926,0.0
4,23,0.9765569999999997,1.2418310000000012,-5.133449000000027,0.0
4,24,0.9771129999999992,1.284168000000001,-6.1099800000000215,0.0
4,25,0.9771129999999992,1.3308520000000001,-7.230395999999999,0.0
4,26,0.9778810000000036,1.3837950000000028,-8.557383000000087,0.0
4,27,0.9782220000000024,1.442580999999997,-10.08752399999993,0.0
4,28,0.9787600000000012,1.508732000000002,-11.876291000000059,0.0
4,29,0.9787600000000012,1.581398,-13.910939000000006,0.0
4,30,0.9790950000000009,1.6709400000000016,-16.50899700000005,0.0
4,31,0.9807430000000039,1.7745439999999988,-19.623708999999977,0.0
4,32,0.983505000000001,1.8975259999999992,-23.447198999999976,0.0
4,33,0.9885140000000021,2.056281999999996,-28.547426999999878,0.0
4,34,0.9914838888888889,2.243267000000003,-34.729811555555656,0.0
4,35,0.9891967777777779,2.473563999999996,-42.5520423333332,0.004108222222221514
4,36,0.9864323333333331,2.750754999999998,-52.2469736666666,0.01221233333333771
4,37,0.9832611111111105,3.080066000000002,-64.0977611111112,0.02192366666668022
4,38,0.9805737777777779,3.4414409999999975,-77.46764399999991,0.029806888888899152
4,39,0.9768910000000002,3.818438999999998,-91.79356799999991,0.03014999999999901
4,40,0.9735587142857136,4.205013000000001,-106.86995400000004,0.023391142857144054
4,41,0.969595666666668,4.569054000000001,-121.43159400000005,0.009900333333329403
4,42,0.9676670000000058,4.902021999999965,-135.08328199999858,0.0
4,43,0.9670179999999959,5.225639000000001,-148.67260000000005,0.0
4,44,0.9882810000000006,5.585457000000005,-164.22982600000023,0.0
4,45,1.017113000000009,6.025666000000015,-183.7146100000007,0.0
4,46,1.0344354999999936,6.572704499999993,-208.4006324999997,0.006633500000020831
4,47,1.0344354999999936,7.367969499999994,-244.98282249999968,0.0
5,0,0.6465480000000001,0.6541010000000007,2.278320999999999,0.0
5,1,0.6944549999999996,0.7020080000000002,2.0387860000000018,0.0
5,2,0.7396330000000004,0.7476050000000001,1.7672989999999977,0.0
5,3,0.7814019999999999,0.7901410000000002,1.473382,0.0
5,4,0.8202439999999998,0.8287799999999992,1.163255000000004,0.0
5,5,0.8524609999999999,0.8629949999999997,0.8653100000000009,0.0
5,6,0.8821890000000003,0.8940830000000002,0.5612299999999966,0.0
5,7,0.9063810000000014,0.9197810000000004,0.28608199999998973,0.0
5,8,0.9252380000000002,0.9423159999999999,0.03405199999999908,0.0
5,9,0.940823,0.9613910000000008,-0.19647300000000634,0.0
5,10,0.9532779999999992,0.9775229999999997,-0.40393599999999275,0.0
5,11,0.9612809999999996,0.9915339999999997,-0.5840609999999948,0.0
5,12,0.9676600000000004,1.003869,-0.7516410000000011,0.0
5,13,0.9712509999999988,1.0165520000000008,-0.9217920000000035,0.0
5,14,0.9730190000000007,1.0275539999999985,-1.073657999999984,0.0
5,15,0.974067999999999,1.0412649999999992,-1.2708569999999852,0.0
5,16,0.9747850000000007,1.0557750000000006,-1.4920920000000137,0.0
5,17,0.974731000000002,1.0726720000000007,-1.762174000000023,0.0
5,18,0.974615,1.093834000000001,-2.121348000000019,0.0
5,19,0.9749470000000002,1.1145229999999984,-2.4954099999999713,0.0
5,20,0.975677000000001,1.1405980000000007,-2.99493900000002,0.0
5,21,0.975677000000001,1.169659000000003,-3.5761590000000645,0.0
5,22,0.9759709999999977,1.204552999999997,-4.310402999999926,0.0
5,23,0.9765569999999997,1.2418310000000012,-5.133449000000027,0.0
5,24,0.9771129999999992,1.284168000000001,-6.1099800000000215,0.0
5,25,0.9783690000000007,1.3316820000000007,-7.256998000000021,0.0
5,26,0.9783690000000007,1.3837950000000028,-8.559823000000073,0.0
5,27,0.9782220000000024,1.442580999999997,-10.08752399999993,0.0
5,28,0.9794690000000017,1.508732000000002,-11.879836000000061,0.0
5,29,0.9805939999999964,1.582778999999995,-13.958776999999841,0.0
5,30,0.9830170000000038,1.6727480000000057,-16.579993000000186,0.0
5,31,0.9847409999999996,1.7773359999999983,-19.726252999999943,0.0
5,32,0.9885140000000021,1.9012990000000016,-23.58797100000006,0.0
5,33,0.9933157777777777,2.060317999999995,-28.700587888888734,0.0
5,34,0.9914838888888889,2.243267000000003,-34.729811555555656,0.004339111111107741
5,35,0.9891967777777779,2.473563999999996,-42.5520423333332,0.012271444444444057
5,36,0.9864323333333331,2.750754999999998,-52.2469736666666,0.021968999999998573
5,37,0.9832611111111105,3.080066000000002,-64.0977611111112,0.030052555555556637
5,38,0.9805737777777779,3.4414409999999975,-77.46764399999991,0.03334911111112149
5,39,0.9768910000000002,3.818438999999998,-91.79356799999991,0.027216000000011675
5,40,0.9735587142857136,4.205013000000001,-106.86995400000004,0.014683428571426127
5,41,0.969595666666668,4.569054000000001,-121.43159400000005,0.001081666666654435
5,42,0.969595666666668,4.892378666666684,-134.68790533333407,0.0
5,43,0.9882810000000006,5.246673000000001,-149.6621140000001,0.0
5,44,1.0168529999999976,5.615225999999993,-165.65394999999967,0.0
5,45,1.0348814999999973,6.046645499999997,-184.72976149999982,0.006935499999997319
5,46,1.0344354999999936,6.572704499999993,-208.4006324999997,0.0
6,0,0.695678,0.7020080000000002,2.0326709999999997,0.0
6,1,0.7408330000000003,0.7471630000000005,1.761740999999998,0.0
6,2,0.7825340000000001,0.7893059999999998,1.469392,0.0
6,3,0.8202439999999998,0.8278509999999999,1.1660420000000018,0.0
6,4,0.853548,0.8620839999999994,0.8635190000000019,0.0
6,5,0.883032,0.8916360000000001,0.5684069999999988,0.0
6,6,0.9063810000000014,0.9182750000000013,0.29511799999998445,0.0
6,7,0.9260099999999998,0.9394099999999987,0.05053400000000963,0.0
6,8,0.9415069999999996,0.9578129999999998,-0.171268999999997,0.0
6,9,0.9532779999999992,0.9731620000000003,-0.3646869999999982,0.0
6,10,0.9618199999999995,0.986065,-0.5320659999999968,0.0
6,11,0.9680180000000007,0.9973740000000006,-0.6823440000000112,0.0
6,12,0.9712509999999988,1.0074599999999982,-0.812687999999973,0.0
6,13,0.9734079999999992,1.0187090000000012,-0.9606180000000109,0.0
6,14,0.9744530000000005,1.0285989999999998,-1.0954580000000007,0.0
6,15,0.9747850000000007,1.0415969999999994,-1.2794219999999967,0.0
6,16,0.9747890000000012,1.0557790000000011,-1.4921760000000255,0.0
6,17,0.9747890000000012,1.0726140000000015,-1.7615360000000315,0.0
6,18,0.9749470000000002,1.0940499999999993,-2.126895999999988,0.0
6,19,0.9752229999999997,1.1147989999999979,-2.5020339999999592,0.0
6,20,0.9759220000000006,1.1405980000000007,-2.9964090000000176,0.0
6,21,0.9761229999999976,1.1701049999999995,-3.5877549999999765,0.0
6,22,0.9770020000000024,1.205361,-4.333405000000013,0.0
6,23,0.9775050000000007,1.2424050000000015,-5.151391000000039,0.0
6,24,0.9787609999999987,1.2850569999999983,-6.140349999999952,0.0
6,25,0.9787609999999987,1.3316820000000007,-7.259350000000008,0.0
6,26,0.9800190000000057,1.3849830000000054,-8.600175000000178,0.0
6,27,0.9800190000000057,1.4432450000000046,-10.114987000000156,0.0
6,28,0.9805939999999964,1.5098569999999967,-11.916960999999887,0.0
6,29,0.9830170000000038,1.5852020000000024,-14.041159000000093,0.0
6,30,0.9859429999999989,1.6756740000000008,-16.682403000000015,0.0
6,31,0.9953040000000044,1.7855110000000067,-20.038043000000236,0.0
6,32,0.9947154444444443,1.9055250000000044,-23.754945666666803,0.0
6,33,0.9933157777777777,2.060317999999995,-28.700587888888734,0.004506222222222078
6,34,0.9914838888888889,2.243267000000003,-34.729811555555656,0.012702222222223725
6,35,0.9891967777777779,2.473563999999996,-42.5520423333332,0.0222086666666641
6,36,0.9864323333333331,2.750754999999998,-52.2469736666666,0.030409666666670887
6,37,0.9832611111111105,3.080066000000002,-64.0977611111112,0.033680444444456725
6,38,0.9805737777777779,3.4414409999999975,-77.46764399999991,0.03004333333332454
6,39,0.9768910000000002,3.818438999999998,-91.79356799999991,0.017594999999996475
6,40,0.9735587142857136,4.205013000000001,-106.86995400000004,0.0037947142857159832
6,41,0.9735587142857095,4.545275714285728,-120.48046257142909,0.0
6,42,0.9878609999999952,4.910734999999988,-135.55019799999948,0.0
6,43,1.015656000000007,5.27546000000001,-151.03683000000046,0.0
6,44,1.0332760000000007,5.6360520000000065,-166.6524090000003,0.007174999999989495
6,45,1.0348814999999973,6.046645499999997,-184.72976149999985,0.0
7,0,0.741778,0.7471630000000005,1.7560709999999995,0.0
7,1,0.7834699999999994,0.7888549999999999,1.4642270000000037,0.0
7,2,0.8211240000000002,0.8278509999999999,1.1607619999999992,0.0
7,3,0.8543819999999993,0.861108999999999,0.8614400000000071,0.0
7,4,0.883032,0.8907340000000001,0.5720149999999986,0.0
7,5,0.9069970000000005,0.9156010000000006,0.30479199999999373,0.0
7,6,0.92666,0.9379380000000008,0.055465999999995574,0.0
7,7,0.9420479999999998,0.9547979999999985,-0.1534099999999885,0.0
7,8,0.9537480000000009,0.969513000000001,-0.3383150000000139,0.0
7,9,0.9622250000000001,0.9816389999999995,-0.4946619999999964,0.0
7,10,0.9680180000000007,0.9918580000000006,-0.6271840000000104,0.0
7,11,0.9716799999999992,1.0010359999999991,-0.7445979999999857,0.0
7,12,0.9736400000000032,1.0094200000000022,-0.850542000000047,0.0
7,13,0.9746890000000015,1.0197579999999995,-0.9819410000000026,0.0
7,14,0.975080000000002,1.0289900000000003,-1.1046940000000163,0.0
7,15,0.975086000000001,1.0416029999999985,-1.2813179999999846,0.0
7,16,0.975280999999999,1.055733,-1.4946329999999932,0.0
7,17,0.9750859999999975,1.072659999999999,-1.7640999999999671,0.0
7,18,0.9756280000000004,1.0943970000000007,-2.137423000000016,0.0
7,19,0.9759220000000006,1.1152879999999996,-2.5155189999999976,0.0
7,20,0.976742999999999,1.1411930000000012,-3.0134610000000173,0.0
7,21,0.9774080000000005,1.1705900000000007,-3.6060560000000166,0.0
7,22,0.9786000000000001,1.2069229999999997,-4.378141999999997,0.0
7,23,0.9783340000000003,1.2429240000000021,-5.16830200000005,0.0
7,24,0.9790799999999997,1.2850569999999983,-6.142582999999959,0.0
7,25,0.9792669999999966,1.3321879999999986,-7.275035999999947,0.0
7,26,0.9800190000000057,1.3849830000000054,-8.600175000000178,0.0
7,27,0.9812889999999967,1.4445149999999956,-10.156896999999859,0.0
7,28,0.9839899999999986,1.5118599999999986,-11.994118999999955,0.0
7,29,0.9869759999999985,1.5888860000000022,-14.171749000000055,0.0
7,30,0.9919020000000032,1.679637999999997,-16.838038999999938,0.0
7,31,0.9953040000000044,1.7855110000000067,-20.038043000000236,0.0
7,32,0.9947154444444443,1.9055250000000044,-23.7549456666668,0.0045375555555509095
7,33,0.9933157777777777,2.060317999999995,-28.700587888888734,0.013017444444450632
7,34,0.9914838888888889,2.243267000000003,-34.729811555555656,0.022786333333336017
7,35,0.9891967777777779,2.473563999999996,-42.5520423333332,0.030860888888888383
7,36,0.9864323333333331,2.750754999999998,-52.2469736666666,0.03436833333333311
7,37,0.9832611111111105,3.080066000000002,-64.0977611111112,0.030537333333342076
7,38,0.9805737777777779,3.4414409999999975,-77.46764399999991,0.01992455555556205
7,39,0.9768910000000002,3.818438999999998,-91.79356799999991,0.0055249999999968935
7,40,0.9768909999999984,4.181687000000002,-105.96024000000007,0.0
7,41,0.9877699999999976,4.559487000000004,-121.14839300000014,0.0
7,42,1.0266230000000007,4.950573000000006,-137.46834500000026,0.0
7,43,1.0310744999999952,5.295738499999991,-152.00131649999958,0.00740849999999682
7,44,1.0332760000000007,5.6360520000000065,-166.6524090000003,0.0
8,0,0.7841870000000002,0.7888549999999999,1.4592079999999985,0.0
8,1,0.8218480000000001,0.8265159999999998,1.157919999999999,0.0
8,2,0.8550599999999999,0.861108999999999,0.8566940000000027,0.0
8,3,0.8836590000000015,0.8897080000000006,0.5707039999999868,0.0
8,4,0.9076400000000007,0.9147149999999993,0.30383499999999763,0.0
8,5,0.9271080000000005,0.9350690000000004,0.06667499999999471,0.0
8,6,0.9425409999999985,0.9533709999999989,-0.14829899999998197,0.0
8,7,0.9541230000000009,0.9663800000000009,-0.31900900000001364,0.0
8,8,0.9627920000000003,0.9779350000000004,-0.4692460000000054,0.0
8,9,0.9682910000000007,0.9873849999999997,-0.5888380000000026,0.0
8,10,0.9719200000000008,0.9954870000000007,-0.690788000000012,0.0
8,11,0.9739490000000011,1.0030649999999994,-0.7828000000000017,0.0
8,12,0.9748209999999986,1.0102919999999997,-0.8692729999999855,0.0
8,13,0.9752620000000007,1.0201419999999999,-0.9910010000000042,0.0
8,14,0.9753289999999986,1.0291139999999999,-1.1081729999999865,0.0
8,15,0.9754649999999998,1.041554999999999,-1.283434999999983,0.0
8,16,0.975359000000001,1.055811000000002,-1.4964270000000397,0.0
8,17,0.9756280000000004,1.0729289999999985,-1.7724669999999776,0.0
8,18,0.9760969999999993,1.0948659999999997,-2.1491479999999896,0.0
8,19,0.9769059999999996,1.1159339999999993,-2.5348439999999854,0.0
8,20,0.9782599999999988,1.1425020000000004,-3.0511119999999963,0.0
8,21,0.9778509999999976,1.1710329999999978,-3.618459999999935,0.0
8,22,0.9786000000000001,1.2069229999999997,-4.378141999999997,0.0
8,23,0.9790799999999997,1.2434040000000017,-5.184564000000037,0.0
8,24,0.9796340000000008,1.2856109999999994,-6.159756999999992,0.0
8,25,0.9822389999999999,1.3344430000000003,-7.354008000000007,0.0
8,26,0.9818379999999962,1.386375000000001,-8.649099999999997,0.0
8,27,0.9845240000000004,1.446666999999998,-10.23817999999995,0.0
8,28,0.9876940000000047,1.5148730000000015,-12.10510200000008,0.0
8,29,0.9919020000000032,1.5940100000000044,-14.35482700000015,0.0
8,30,0.9964340000000007,1.6841699999999946,-17.005722999999847,0.0
8,31,0.9960471111111104,1.7855110000000067,-20.04324477777798,0.00452188888888827
8,32,0.9947154444444443,1.9055250000000044,-23.7549456666668,0.012957111111106201
8,33,0.9933157777777777,2.060317999999995,-28.700587888888734,0.02317266666667095
8,34,0.9914838888888889,2.243267000000003,-34.729811555555656,0.031527444444442665
8,35,0.9891967777777779,2.473563999999996,-42.5520423333332,0.03503411111110921
8,36,0.9864323333333331,2.750754999999998,-52.2469736666666,0.03148300000000148
8,37,0.9832611111111105,3.080066000000002,-64.0977611111112,0.02055822222223469
8,38,0.9805737777777779,3.4414409999999975,-77.46764399999991,0.006986777777783004
8,39,0.980573777777781,3.788976777777787,-90.67400355555591,0.0
8,40,0.9881440000000055,4.192940000000007,-106.48913100000033,0.0
8,41,1.0131679999999932,4.584990999999988,-122.37184299999947,0.0
8,42,1.0286444999999986,4.956637499999999,-137.73720449999996,0.007664500000004182
8,43,1.0310744999999955,5.295738499999992,-152.0013164999996,0.0
9,0,0.8223649999999996,0.8265159999999998,1.1537840000000035,0.0
9,1,0.8556100000000004,0.8597610000000007,0.8545789999999958,0.0
9,2,0.8841730000000005,0.8887350000000005,0.5685379999999949,0.0
9,3,0.9081029999999988,0.9136379999999988,0.3033620000000141,0.0
9,4,0.9275800000000007,0.9350690000000004,0.06289899999999271,0.0
9,5,0.9428789999999996,0.9503679999999992,-0.13598799999999223,0.0
9,6,0.9544969999999999,0.9649889999999992,-0.31365499999999535,0.0
9,7,0.9627920000000003,0.9746750000000013,-0.4464260000000113,0.0
9,8,0.9684910000000002,0.9836340000000003,-0.5604300000000038,0.0
9,9,0.9720820000000003,0.9909759999999999,-0.651485000000001,0.0
9,10,0.9740909999999978,0.9974959999999982,-0.7282459999999631,0.0
9,11,0.9750179999999986,1.0039920000000002,-0.8015489999999907,0.0
9,12,0.9752620000000007,1.0105360000000019,-0.8757290000000282,0.0
9,13,0.9753819999999997,1.0202559999999998,-0.9934489999999947,0.0
9,14,0.9754649999999998,1.029202999999999,-1.1105069999999841,0.0
9,15,0.9755649999999996,1.0416549999999987,-1.2857349999999776,0.0
9,16,0.9760400000000011,1.0561180000000014,-1.5069550000000334,0.0
9,17,0.9765720000000009,1.0734209999999997,-1.7885910000000038,0.0
9,18,0.9769059999999996,1.095407999999999,-2.1653759999999806,0.0
9,19,0.9776160000000012,1.1166440000000009,-2.554014000000027,0.0
9,20,0.9790670000000006,1.1430879999999988,-3.0700949999999807,0.0
9,21,0.9786530000000013,1.1714260000000003,-3.633129000000018,0.0
9,22,0.9793590000000023,1.2076290000000007,-4.399746000000036,0.0
9,23,0.9802319999999973,1.2439719999999994,-5.207148999999962,0.0
9,24,0.9811479999999975,1.2864799999999974,-6.193076999999917,0.0
9,25,0.9822389999999999,1.3344430000000003,-7.354008000000007,0.0
9,26,0.9849999999999994,1.3886600000000016,-8.734282000000036,0.0
9,27,0.9923929999999999,1.4539219999999986,-10.50171599999996,0.0
9,28,0.9923929999999999,1.5188559999999995,-12.254933999999984,0.0
9,29,0.9973409999999987,1.5998799999999989,-14.568568999999954,0.0
9,30,0.9969668888888895,1.6841699999999946,-17.009986111110962,0.00470311111111954
9,31,0.9960471111111104,1.7855110000000067,-20.04324477777798,0.013036777777777786
9,32,0.9947154444444443,1.9055250000000044,-23.7549456666668,0.023044666666663716
9,33,0.9933157777777777,2.060317999999995,-28.700587888888734,0.03194788888889377
9,34,0.9914838888888889,2.243267000000003,-34.729811555555656,0.035775555555552785
9,35,0.9891967777777779,2.473563999999996,-42.5520423333332,0.032310333333334995
9,36,0.9864323333333331,2.750754999999998,-52.2469736666666,0.02157066666666907
9,37,0.9832611111111105,3.080066000000002,-64.0977611111112,0.007500111111113483
9,38,0.9832611111111105,3.4182471111111123,-76.61046222222228,0.0
9,39,0.9889909999999986,3.797393999999997,-91.06961299999988,0.0
9,40,1.0126879999999971,4.216637000000006,-107.6333630000002,0.0
9,41,1.0266230000000007,4.601208,-123.14438,0.007824000000013598
9,42,1.0286444999999986,4.956637499999999,-137.73720449999996,0.0
10,0,0.8559660000000004,0.8597610000000007,0.8513749999999956,0.0
10,1,0.8845899999999993,0.8887350000000005,0.5647850000000059,0.0
10,2,0.9084979999999998,0.912643000000001,0.30179700000000054,0.0
10,3,0.9279229999999998,0.9341920000000012,0.06331999999999738,0.0
10,4,0.943211999999999,0.9494810000000005,-0.13543699999999248,0.0
10,5,0.9547869999999996,0.9619429999999998,-0.3010349999999953,0.0
10,6,0.9631040000000013,0.9733060000000009,-0.44102000000001773,0.0
10,7,0.9686590000000006,0.9802300000000006,-0.5381140000000091,0.0
10,8,0.9722170000000006,0.9871920000000003,-0.6224280000000064,0.0
10,9,0.9741970000000002,0.9929559999999995,-0.6883399999999966,0.0
10,10,0.9751110000000018,0.9984099999999998,-0.7465660000000156,0.0
10,11,0.9754369999999994,1.004256999999999,-0.8082959999999844,0.0
10,12,0.9753819999999997,1.010542000000001,-0.876881000000008,0.0
10,13,0.9754889999999996,1.0203629999999997,-0.9958029999999916,0.0
10,14,0.9757220000000011,1.0294360000000005,-1.1160820000000164,0.0
10,15,0.9760400000000011,1.0419729999999987,-1.2947799999999923,0.0
10,16,0.9765720000000009,1.0566500000000012,-1.5202550000000272,0.0
10,17,0.9772500000000015,1.0740990000000004,-1.80621900000002,0.0
10,18,0.9786970000000004,1.0964069999999992,-2.200392999999991,0.0
10,19,0.9786970000000004,1.1173440000000028,-2.577259000000055,0.0
10,20,0.9799170000000004,1.1436689999999992,-3.0902149999999864,0.0
10,21,0.9794640000000001,1.1718229999999998,-3.6487649999999974,0.0
10,22,0.9805069999999994,1.208396999999998,-4.42724899999995,0.0
10,23,0.9830439999999996,1.2464179999999985,-5.290610999999963,0.0
10,24,0.9826280000000054,1.2879600000000053,-6.2419170000001785,0.0
10,25,0.9849999999999994,1.3368149999999943,-7.438156999999855,0.0
10,26,0.9883080000000035,1.3919680000000056,-8.850062000000179,0.0
10,27,0.9931259999999966,1.4539219999999986,-10.509045999999927,0.0
10,28,0.9969099999999997,1.5233729999999994,-12.42206299999998,0.0
10,29,0.9976869999999999,1.6002260000000001,-14.581717000000005,0.0048040000000000305
10,30,0.9969668888888895,1.6841699999999946,-17.009986111110962,0.013333222222229324
10,31,0.9960471111111104,1.7855110000000067,-20.04324477777798,0.02325366666666895
10,32,0.9947154444444443,1.9055250000000044,-23.7549456666668,0.031839222222217245
10,33,0.9933157777777777,2.060317999999995,-28.700587888888734,0.03619411111111859
10,34,0.9914838888888889,2.243267000000003,-34.729811555555656,0.033056666666666956
10,35,0.9891967777777779,2.473563999999996,-42.5520423333332,0.022350555555554763
10,36,0.9864323333333331,2.750754999999998,-52.2469736666666,0.00821833333333899
10,37,0.9864323333333331,3.052762333333334,-63.119237666666685,0.0
10,38,0.9904900000000012,3.4254760000000033,-76.95022000000013,0.0
10,39,1.0127180000000067,3.8196220000000025,-92.15004800000015,0.0
10,40,1.0252419999999984,4.230527000000001,-108.30194900000005,0.00796900000000278
10,41,1.0266230000000007,4.601208,-123.14437999999998,0.0
11,0,0.8848129999999994,0.8883849999999995,0.562905000000006,0.0
11,1,0.9088100000000008,0.912643000000001,0.29867699999999076,0.0
11,2,0.9282199999999996,0.9320529999999998,0.06575700000000495,0.0
11,3,0.9434700000000014,0.9494810000000005,-0.1380170000000156,0.0
11,4,0.9550079999999994,0.9619429999999998,-0.3032449999999933,0.0
11,5,0.9633780000000005,0.9703130000000009,-0.4287950000000098,0.0
11,6,0.9689479999999993,0.9788759999999996,-0.5328799999999898,0.0
11,7,0.9723569999999988,0.9836390000000002,-0.598956999999988,0.0
11,8,0.9743180000000002,0.9891530000000017,-0.6591260000000148,0.0
11,9,0.9752139999999976,0.9938519999999968,-0.7065739999999465,0.0
11,10,0.9754639999999988,0.998660000000001,-0.7525959999999969,0.0
11,11,0.9754369999999994,1.004256999999999,-0.8082959999999844,0.0
11,12,0.9754900000000006,1.0105980000000017,-0.8786330000000255,0.0
11,13,0.9757630000000006,1.020660000000003,-1.0024040000000447,0.0
11,14,0.9761939999999996,1.0298669999999994,-1.1268359999999866,0.0
11,15,0.976738000000001,1.0425170000000001,-1.3099200000000124,0.0
11,16,0.977449,1.0573610000000002,-1.5404010000000028,0.0
11,17,0.9782289999999989,1.0748789999999993,-1.8292689999999752,0.0
11,18,0.9786970000000004,1.0964069999999992,-2.200392999999991,0.0
11,19,0.9795760000000016,1.1179830000000024,-2.598430000000061,0.0
11,20,0.9802019999999985,1.1436689999999992,-3.0933499999999654,0.0
11,21,0.9809149999999995,1.1724129999999988,-3.6760729999999704,0.0
11,22,0.9815140000000007,1.2094039999999993,-4.459472999999992,0.0
11,23,0.9830439999999996,1.2464179999999985,-5.290610999999963,0.0
11,24,0.9854619999999983,1.290378000000004,-6.328289000000076,0.0
11,25,0.9888350000000017,1.3401879999999977,-7.560831999999962,0.0
11,26,0.9937359999999984,1.3962590000000006,-9.016517999999998,0.0
11,27,0.9986076666666671,1.4585986666666693,-10.691010333333406,0.0
11,28,0.9977785555555556,1.523421555555558,-12.432108111111177,0.004227444444445894
11,29,0.9976869999999999,1.6002260000000001,-14.581717000000005,0.013499000000003036
11,30,0.9969668888888895,1.6841699999999946,-17.009986111110962,0.023636333333342918
11,31,0.9960471111111104,1.7855110000000067,-20.04324477777798,0.032188555555556775
11,32,0.9947154444444443,1.9055250000000044,-23.7549456666668,0.03620777777776851
11,33,0.9933157777777777,2.060317999999995,-28.700587888888734,0.03352533333333696
11,34,0.9914838888888889,2.243267000000003,-34.729811555555656,0.023056777777782145
11,35,0.9891967777777779,2.473563999999996,-42.5520423333332,0.008803777777778521
11,36,0.9891967777777779,2.7270997777777737,-51.42579455555541,0.0
11,37,0.992089,3.0584190000000007,-63.38510100000003,0.0
11,38,1.0135390000000015,3.446926000000005,-77.9958100000002,0.0
11,39,1.0245589999999964,3.8306419999999974,-92.69823799999985,0.008117999999996073
11,40,1.0252419999999987,4.230527000000002,-108.30194900000006,0.0
12,0,0.908945000000001,0.9123820000000009,0.2974529999999884,0.0
12,1,0.928471,0.9320529999999998,0.06299600000000005,0.0
12,2,0.9437029999999993,0.9483130000000006,-0.13707599999999331,0.0
12,3,0.9552019999999999,0.9610189999999985,-0.3016829999999935,0.0
12,4,0.9635110000000005,0.9693279999999991,-0.426318000000002,0.0
12,5,0.9692129999999999,0.9760150000000003,-0.52149,0.0
12,6,0.9726320000000008,0.9836390000000002,-0.6019820000000102,0.0
12,7,0.9744470000000014,0.9854540000000007,-0.6346520000000204,0.0
12,8,0.9753279999999975,0.9900339999999979,-0.677283999999954,0.0
12,9,0.9755710000000022,0.9940950000000015,-0.7126880000000391,0.0
12,10,0.9755320000000012,0.998660000000001,-0.7533440000000233,0.0
12,11,0.9754870000000011,1.0042299999999997,-0.80854900000001,0.0
12,12,0.9757389999999972,1.0108589999999964,-0.8845039999999251,0.0
12,13,0.9762649999999979,1.0211909999999982,-1.0148289999999527,0.0
12,14,0.9768939999999979,1.0304959999999994,-1.1433419999999686,0.0
12,15,0.9776229999999977,1.043246,-1.3305899999999724,0.0
12,16,0.9784039999999976,1.0581420000000001,-1.563401999999975,0.0
12,17,0.9791890000000016,1.0756640000000033,-1.8531740000000738,0.0
12,18,0.9804519999999997,1.0971660000000014,-2.2342360000000205,0.0
12,19,0.9802019999999985,1.1186089999999993,-2.617209999999968,0.0
12,20,0.9823040000000027,1.1454780000000042,-3.1540410000001167,0.0
12,21,0.9819370000000021,1.1734350000000013,-3.708777000000051,0.0
12,22,0.9834630000000004,1.2109299999999976,-4.514483999999953,0.0
12,23,0.985908000000002,1.248863,-5.378350000000026,0.0
12,24,0.9893539999999987,1.2938240000000008,-6.453805000000003,0.0
12,25,0.9937359999999984,1.3445699999999974,-7.724292999999918,0.0
12,26,0.9985349999999968,1.401057999999999,-9.19408099999994,0.0
12,27,0.9986076666666671,1.4585986666666697,-10.69101033333342,0.0042763333333333264
12,28,0.9977785555555556,1.523421555555558,-12.432108111111177,0.01237688888888755
12,29,0.9976869999999999,1.6002260000000001,-14.581717000000005,0.023800000000001376
12,30,0.9969668888888895,1.6841699999999946,-17.009986111110962,0.03261644444445011
12,31,0.9960471111111104,1.7855110000000067,-20.04324477777798,0.03666744444444703
12,32,0.9947154444444443,1.9055250000000044,-23.7549456666668,0.033641333333328305
12,33,0.9933157777777777,2.060317999999995,-28.700587888888734,0.02351655555555965
12,34,0.9914838888888889,2.243267000000003,-34.729811555555656,0.00928688888888729
12,35,0.991483888888889,2.4539858888888895,-41.8942537777778,0.0
12,36,0.9939810000000051,2.731884000000001,-51.65065300000009,0.0
12,37,1.0144920000000042,3.0789299999999997,-64.39044100000004,0.0
12,38,1.024707499999998,3.4571414999999988,-78.50685249999992,0.00826650000000484
12,39,1.024707499999998,3.8304934999999958,-92.69422849999982,0.0
13,0,0.9285339999999991,0.931908,0.06238500000001146,0.0
13,1,0.9438959999999987,0.947284999999999,-0.13733599999998347,0.0
13,2,0.9553830000000012,0.9587720000000015,-0.298154000000018,0.0
13,3,0.9636509999999987,0.9693279999999991,-0.427997999999981,0.0
13,4,0.969278000000001,0.9749550000000013,-0.5180300000000173,0.0
13,5,0.9728910000000006,0.9796279999999999,-0.5836910000000071,0.0
13,6,0.9747209999999988,0.9841249999999988,-0.6299659999999783,0.0
13,7,0.9754679999999993,0.9862010000000012,-0.6521329999999992,0.0
13,8,0.9757040000000003,0.9902699999999989,-0.683683999999996,0.0
13,9,0.9756639999999983,0.9940950000000015,-0.7138039999999926,0.0
13,10,0.9756070000000001,0.998621,-0.7538540000000005,0.0
13,11,0.9757269999999991,1.0043049999999987,-0.8122539999999745,0.0
13,12,0.9762360000000001,1.0113559999999993,-0.8964319999999937,0.0
13,13,0.9769819999999996,1.0219109999999993,-1.0327929999999874,0.0
13,14,0.977763000000003,1.0312770000000029,-1.1647040000000786,0.0
13,15,0.9785550000000001,1.044037999999997,-1.3536539999999562,0.0
13,16,0.9793350000000025,1.0589220000000026,-1.587054000000073,0.0
13,17,0.9800799999999974,1.0764089999999982,-1.876530999999936,0.0
13,18,0.9804519999999997,1.0971660000000014,-2.2342360000000205,0.0
13,19,0.9812079999999987,1.1193649999999984,-2.643645999999954,0.0
13,20,0.9823040000000027,1.1454780000000042,-3.1540410000001167,0.0
13,21,0.984023999999998,1.1751549999999966,-3.7699409999999034,0.0
13,22,0.9863700000000009,1.2132760000000005,-4.600980000000021,0.0
13,23,0.9898530000000036,1.2523460000000028,-5.50579900000011,0.0
13,24,0.9942619999999991,1.2982329999999962,-6.618516999999898,0.0
13,25,0.9991830000000022,1.3494910000000004,-7.912682000000039,0.0
13,26,0.9993112222222228,1.4011862222222193,-9.206729444444377,0.0044657777777814545
13,27,0.9986076666666671,1.4585986666666697,-10.69101033333342,0.012520666666670621
13,28,0.9977785555555556,1.523421555555558,-12.432108111111177,0.02233833333333024
13,29,0.9976869999999999,1.6002260000000001,-14.581717000000005,0.03277299999999528
13,30,0.9969668888888895,1.6841699999999946,-17.009986111110962,0.03709955555555666
13,31,0.9960471111111104,1.7855110000000067,-20.04324477777798,0.03418533333333329
13,32,0.9947154444444443,1.9055250000000044,-23.7549456666668,0.023762888888882117
13,33,0.9933157777777777,2.060317999999995,-28.700587888888734,0.009646777777781779
13,34,0.9933157777777777,2.2275457777777814,-34.21910455555568,0.0
13,35,0.9957580000000021,2.4582600000000028,-42.09513700000013,0.0
13,36,1.0259910000000012,2.760819999999999,-53.086582999999976,0.0
13,37,1.0251160000000006,3.088169000000004,-64.85977200000016,0.008364999999997735
13,38,1.024707499999998,3.4571414999999988,-78.50685249999992,0.0
14,0,0.9439010000000003,0.9472699999999996,-0.13738600000000467,0.0
14,1,0.9555009999999999,0.9588210000000004,-0.2997859999999992,6.800000000062312e-05
14,2,0.9637809999999991,0.9680799999999987,-0.4259439999999852,0.0
14,3,0.9693740000000002,0.9736729999999998,-0.5154320000000023,0.0
14,4,0.972899,0.9784800000000011,-0.5792030000000032,0.0
14,5,0.9749470000000002,0.9841249999999988,-0.6329039999999964,0.0
14,6,0.975719999999999,0.9862010000000012,-0.6554089999999952,0.0
14,7,0.9758679999999984,0.9863490000000006,-0.6583689999999827,0.0
14,8,0.9758269999999989,0.9902699999999989,-0.685282999999977,0.0
14,9,0.9757789999999993,0.9940549999999995,-0.7149389999999869,0.0
14,10,0.9758870000000002,0.9986720000000027,-0.7580040000000281,0.0
14,11,0.9762480000000018,1.0046660000000003,-0.8229980000000268,0.0
14,12,0.976979,1.0120869999999975,-0.914862999999972,0.0
14,13,0.9778599999999997,1.0227889999999995,-1.0556209999999915,0.0
14,14,0.9786909999999978,1.032108000000001,-1.1884019999999822,0.0
14,15,0.9794810000000034,1.0448280000000025,-1.3775420000000835,0.0
14,16,0.9801939999999973,1.0596349999999966,-1.6096289999999094,0.0
14,17,0.9809049999999999,1.0771200000000007,-1.8993430000000124,0.0
14,18,0.9814299999999996,1.097691000000001,-2.2564000000000135,0.0
14,19,0.9827080000000024,1.1204759999999965,-2.6844219999999694,0.0
14,20,0.9842869999999948,1.1472240000000014,-3.2147399999999564,0.0
14,21,0.9871750000000006,1.1778639999999996,-3.8679720000000017,0.0
14,22,0.9902999999999977,1.2165800000000004,-4.72475799999998,0.0
14,23,0.994762999999999,1.256809000000004,-5.672278000000077,0.0
14,24,0.9997370000000032,1.3032070000000004,-6.809068000000053,0.0
14,25,0.999784777777778,1.3495387777777754,-7.921699555555499,0.004633222222224731
14,26,0.9993112222222228,1.4011862222222193,-9.206729444444377,0.012924555555553496
14,27,0.9986076666666671,1.4585986666666697,-10.69101033333342,0.02261000000000024
14,28,0.9977785555555556,1.523421555555558,-12.432108111111177,0.031182777777779336
14,29,0.9976869999999999,1.6002260000000001,-14.581717000000005,0.03726800000000097
14,30,0.9969668888888895,1.6841699999999946,-17.009986111110962,0.03460866666667073
14,31,0.9960471111111104,1.7855110000000067,-20.04324477777798,0.024275222222222226
14,32,0.9947154444444443,1.9055250000000044,-23.7549456666668,0.009867444444438433
14,33,0.9947154444444443,2.0484564444444393,-28.328751888888718,0.0
14,34,0.9971850000000018,2.2314150000000055,-34.40095800000021,0.0
14,35,1.0171739999999971,2.478248999999998,-43.07315999999989,0.0
14,36,1.0259910000000012,2.760819999999999,-53.086582999999976,0.008454999999997881
14,37,1.0259910000000012,3.0872940000000035,-64.83964700000014,0.0
15,0,0.9555009999999999,0.9588210000000004,-0.2997859999999992,0.0
15,1,0.9638380000000009,0.9671295000000004,-0.4248410000000131,0.0001304999999991452
15,2,0.9694590000000005,0.9736729999999998,-0.516622000000007,0.0
15,3,0.9729530000000004,0.9771669999999997,-0.5760200000000051,0.0
15,4,0.9749149999999993,0.9816439999999993,-0.6200829999999868,0.0
15,5,0.9758949999999977,0.9827329999999961,-0.6392159999999478,0.0
15,6,0.97607,0.9850729999999999,-0.6535410000000006,0.0
15,7,0.9759899999999995,0.9863490000000006,-0.6600769999999976,0.0
15,8,0.975956,0.9902289999999994,-0.6867609999999971,0.0
15,9,0.9760680000000015,0.9941190000000013,-0.7195610000000343,0.0
15,10,0.976423999999998,0.9990279999999991,-0.7690819999999619,0.0
15,11,0.9770199999999996,1.0052620000000019,-0.8403620000000132,0.0
15,12,0.9778880000000001,1.012954999999998,-0.9380049999999791,0.0
15,13,0.978786000000003,1.0236870000000025,-1.0802590000000762,0.0
15,14,0.9795930000000013,1.0329149999999991,-1.2123280000000065,0.0
15,15,0.9803179999999969,1.0455529999999982,-1.4001349999999277,0.0
15,16,0.9810110000000023,1.060328000000002,-1.6321550000000649,0.0
15,17,0.9818120000000015,1.077921,-1.9256580000000199,0.0
15,18,0.9827080000000024,1.098587000000002,-2.2904200000000685,0.0
15,19,0.9844700000000017,1.1222379999999958,-2.742567999999949,0.0
15,20,0.9871750000000006,1.1499290000000002,-3.309272000000014,0.0
15,21,0.9909630000000007,1.1816519999999997,-4.000552000000006,0.0
15,22,0.9951890000000034,1.2208060000000032,-4.88617600000012,0.0
15,23,1.0001899999999964,1.261809999999997,-5.863278999999878,0.0
15,24,1.000159333333333,1.3032070000000004,-6.814980666666671,0.004757666666666438
15,25,0.999784777777778,1.3495387777777754,-7.921699555555499,0.013259444444450708
15,26,0.9993112222222228,1.4011862222222193,-9.206729444444377,0.02321533333333292
15,27,0.9986076666666671,1.5167886666666655,-12.262140333333303,0.03159733333333392
15,28,0.9977785555555556,1.523421555555558,-12.432108111111177,0.035803222222220654
15,29,0.9976869999999999,1.6002260000000001,-14.581717000000005,0.03480899999999565
15,30,0.9969668888888895,1.6841699999999946,-17.009986111110962,0.02465277777778141
15,31,0.9960471111111104,1.7855110000000067,-20.04324477777798,0.010215111111115505
15,32,0.9960471111111104,1.8942831111111147,-23.415180222222325,0.0
15,33,0.9983980000000017,2.052138999999997,-28.501831999999922,0.0
15,34,1.0191500000000033,2.251293000000004,-35.38519400000018,0.0
15,35,1.0269009999999987,2.4868739999999967,-43.51121299999986,0.008536999999996908
15,36,1.0259910000000012,2.760819999999999,-53.086582999999976,0.0
16,0,0.9638380000000009,0.9671295000000004,-0.4248410000000131,0.0
16,1,0.9694639999999985,0.9727529999999991,-0.5148569999999761,0.00016700000000113846
16,2,0.9729739999999989,0.9762724999999985,-0.5745459999999802,0.0
16,3,0.9749049999999997,0.9804320000000004,-0.6150949999999966,0.0
16,4,0.9758180000000003,0.9825790000000012,-0.6373680000000093,0.0
16,5,0.9761186666666669,0.9850286666666672,-0.6540493333333419,4.9333333334899976e-05
16,6,0.9760965000000006,0.9850729999999999,-0.6539385000000095,2.500000000793534e-06
16,7,0.9760920000000013,0.9862690000000001,-0.6610470000000213,0.0
16,8,0.9762070000000023,0.9903100000000009,-0.6911740000000428,0.0
16,9,0.9765799999999984,0.9944919999999975,-0.7305979999999543,0.0
16,10,0.9771780000000021,0.9996260000000028,-0.7863720000000605,0.0
16,11,0.9779549999999979,1.0060389999999977,-0.8629339999999424,0.0
16,12,0.9788510000000024,1.0138510000000025,-0.9632020000000665,0.0
16,13,0.979654,1.0244900000000001,-1.1037180000000006,0.0
16,14,0.9804120000000012,1.0336730000000003,-1.2352250000000211,0.0
16,15,0.9811060000000005,1.0462469999999975,-1.4223649999999708,0.0
16,16,0.9819089999999981,1.0611309999999996,-1.6584729999999652,0.0
16,17,0.982998000000002,1.0790100000000038,-1.9619610000000947,0.0
16,18,0.9845579999999998,1.1001469999999998,-2.3462499999999906,0.0
16,19,0.9872399999999999,1.124919999999996,-2.8350759999999227,0.0
16,20,0.9910390000000007,1.1537930000000003,-3.4445120000000173,0.0
16,21,0.9957660000000033,1.1863790000000023,-4.171864000000099,0.0
16,22,1.0007646666666663,1.2255970000000005,-5.07542066666667,0.0
16,23,1.0004820000000005,1.261809999999997,-5.867658999999939,0.004862999999996731
16,24,1.000159333333333,1.3032070000000004,-6.814980666666671,0.013471333333335167
16,25,0.999784777777778,1.3495387777777754,-7.921699555555499,0.02364466666666587
16,26,0.9993112222222228,1.4011862222222193,-9.206729444444377,0.03232711111110831
16,27,0.9986076666666671,1.4585986666666697,-10.69101033333342,0.03630466666666976
16,28,0.9977785555555556,1.523421555555558,-12.432108111111177,0.03365666666666556
16,29,0.9976869999999999,1.6002260000000001,-14.581717000000005,0.024850000000000705
16,30,0.9969668888888895,1.6841699999999946,-17.009986111110962,0.010466888888892356
16,31,0.9969668888888895,1.777765888888884,-19.81786277777764,0.0
16,32,0.999290000000002,1.8975260000000063,-23.56759600000023,0.0
16,33,1.0191500000000033,2.071998999999998,-29.46849199999999,0.0
16,34,1.0276549999999993,2.259798,-35.80193899999999,0.008637999999997703
16,35,1.0276549999999993,2.486119999999996,-43.49688699999985,0.0
17,0,0.9694639999999985,0.9727529999999991,-0.5148569999999761,0.0
17,1,0.9729739999999989,0.9762724999999985,-0.5745459999999802,0.00016849999999912768
17,2,0.9748860000000015,0.9790790000000023,-0.6107510000000289,0.0
17,3,0.9757479999999994,0.9812849999999997,-0.6311419999999899,0.0
17,4,0.9759916666666667,0.982829666666665,-0.6411493333333276,6.033333333199664e-05
17,5,0.9761186666666669,0.9850286666666672,-0.6540493333333419,5.666666666925835e-05
17,6,0.9760965000000006,0.9850729999999999,-0.6539385000000095,0.0
17,7,0.9763179999999991,0.9865619999999993,-0.6667139999999812,0.0
17,8,0.9766939999999984,0.9906860000000002,-0.701973999999975,0.0
17,9,0.9773080000000007,0.9951059999999998,-0.7477720000000119,0.0
17,10,0.9780899999999981,1.0004080000000002,-0.8087839999999709,0.0
17,11,0.9789410000000025,1.006890000000002,-0.888071000000064,0.0
17,12,0.979773999999999,1.014683999999999,-0.9879659999999717,0.0
17,13,0.980438999999997,1.025154999999998,-1.1249229999999244,0.0
17,14,0.9811569999999996,1.034391000000003,-1.2571970000000334,0.0
17,15,0.9819759999999995,1.0470659999999974,-1.448569999999954,0.0
17,16,0.9830809999999985,1.0622359999999986,-1.694904999999956,0.0
17,17,0.9847830000000002,1.0807120000000054,-2.019455000000093,0.0
17,18,0.9872629999999987,1.1026269999999982,-2.434169999999945,0.0
17,19,0.9909740000000014,1.1286389999999997,-2.9654810000000182,0.0
17,20,0.9957959999999986,1.1587139999999962,-3.619043999999903,0.0
17,21,1.001021999999999,1.1916050000000027,-4.3657060000000385,0.0
17,22,1.0007646666666663,1.2255970000000005,-5.07542066666667,0.004881333333333515
17,23,1.0004820000000005,1.261809999999997,-5.867658999999939,0.013590000000000657
17,24,1.000159333333333,1.3032070000000004,-6.814980666666671,0.023886999999998437
17,25,0.999784777777778,1.3495387777777754,-7.921699555555499,0.03278288888889236
17,26,0.9993112222222228,1.4529702222222247,-10.55311344444452,0.03707788888889141
17,27,0.9986076666666671,1.4585986666666697,-10.69101033333342,0.0341759999999951
17,28,0.9977785555555556,1.523421555555558,-12.432108111111177,0.024141111111106284
17,29,0.9976869999999999,1.6002260000000001,-14.581717000000005,0.010629999999999029
17,30,0.9976869999999999,1.6780350000000022,-16.838178000000063,0.0
17,31,1.0000580000000028,1.7808569999999975,-19.96314499999997,0.0
17,32,1.0197529999999944,1.9172209999999978,-24.525243999999837,0.0
17,33,1.0282379999999982,2.080484000000002,-29.893905000000036,0.008692000000003475
17,34,1.0282379999999982,2.259215000000001,-35.792028,0.0
18,0,0.9729550000000007,0.9762440000000012,-0.5742040000000124,0.0
18,1,0.9748860000000015,0.9781875000000024,-0.6089680000000293,0.00013749999999923546
18,2,0.9757040000000003,0.9799159999999993,-0.626331000000004,0.0
18,3,0.9758630000000004,0.9814700000000016,-0.6336520000000121,7.899999999949614e-05
18,4,0.9759916666666667,0.982829666666665,-0.6411493333333276,6.066666666981746e-05
18,5,0.9761186666666669,0.9850286666666672,-0.6540493333333419,0.0
18,6,0.9762419999999992,0.9852299999999978,-0.6573539999999731,0.0
18,7,0.9767550000000007,0.9871380000000016,-0.6781750000000244,0.0
18,8,0.9773740000000011,0.9913050000000005,-0.7184860000000235,0.0
18,9,0.9781670000000027,0.9958990000000014,-0.7695120000000593,0.0
18,10,0.9790309999999991,1.0012719999999966,-0.8334209999999516,0.0
18,11,0.9798729999999978,1.0077320000000007,-0.913176999999969,0.0
18,12,0.980598999999998,1.0154099999999993,-1.0107029999999568,0.0
18,13,0.9813670000000023,1.0257620000000003,-1.148751000000047,0.0
18,14,0.9820250000000001,1.0352100000000029,-1.2834190000000412,0.0
18,15,0.9831750000000028,1.048216,-1.4862030000000495,0.0
18,16,0.9849209999999999,1.0639819999999958,-1.7541209999999339,0.0
18,17,0.9874340000000004,1.0832250000000059,-2.1072430000001035,0.0
18,18,0.9909660000000002,1.1061589999999981,-2.560696999999969,0.0
18,19,0.9956320000000005,1.1332969999999989,-3.133168999999988,0.0
18,20,1.001061,1.1642119999999991,-3.8185089999999846,0.0
18,21,1.0010447777777776,1.1916050000000027,-4.3660932222222755,0.004940222222224122
18,22,1.0007646666666663,1.2255970000000005,-5.07542066666667,0.013576666666661907
18,23,1.0004820000000005,1.261809999999997,-5.867658999999939,0.02396399999999943
18,24,1.000159333333333,1.3032070000000004,-6.814980666666671,0.033004666666670346
18,25,0.999784777777778,1.3973977777777777,-9.118174555555555,0.037534111111114044
18,26,0.9993112222222228,1.4011862222222193,-9.206729444444377,0.0349206666666646
18,27,0.9986076666666671,1.4585986666666697,-10.69101033333342,0.02460133333333303
18,28,0.9977785555555556,1.523421555555558,-12.432108111111177,0.01031755555555236
18,29,0.9977785555555556,1.5994935555555543,-14.562124111111075,0.0
18,30,1.000506999999999,1.680855000000001,-16.970718000000012,0.0
18,31,1.0202820000000017,1.8006320000000002,-20.919978000000036,0.0
18,32,1.0285965000000026,1.9255354999999987,-24.941647500000002,0.008741499999999292
18,33,1.0285965000000026,2.0801254999999976,-29.888527499999967,0.0
19,0,0.9748799999999989,0.9781784999999985,-0.6088539999999796,0.0
19,1,0.97585,0.9791294999999991,-0.6273859999999978,7.150000000066825e-05
19,2,0.97585,0.9801059999999979,-0.6293389999999954,3.0000000002416982e-05
19,3,0.9758630000000004,0.9814700000000016,-0.6336520000000121,7.100000000193063e-05
19,4,0.9759916666666667,0.9819993333333334,-0.6378280000000007,0.0
19,5,0.9761640000000007,0.9834770000000006,-0.6471070000000161,0.0
19,6,0.9766159999999999,0.9856859999999976,-0.6668219999999856,0.0
19,7,0.9773959999999988,0.987918999999998,-0.695179999999965,0.0
19,8,0.9781970000000015,0.9921060000000033,-0.7397080000000535,0.0
19,9,0.9790779999999977,0.9967799999999976,-0.7938389999999345,0.0
19,10,0.979929000000002,1.002123000000001,-0.8580950000000485,0.0
19,11,0.9807039999999994,1.008506999999998,-0.9366599999999679,0.0
19,12,0.9813670000000023,1.0160730000000022,-1.0324830000000702,0.0
19,13,0.9820869999999999,1.026481999999998,-1.1710709999999729,0.0
19,14,0.9832549999999998,1.0363780000000027,-1.321911000000032,0.0
19,15,0.9850179999999966,1.0499789999999969,-1.545821999999891,0.0
19,16,0.9876480000000001,1.0666119999999992,-1.845286999999992,0.0
19,17,0.9912069999999957,1.0867840000000015,-2.235659999999946,0.0
19,18,0.9956400000000016,1.110592000000004,-2.7246230000001006,0.0
19,19,1.0008279999999985,1.1384849999999958,-3.325268999999892,0.0
19,20,1.0012622222222227,1.1649312222222215,-3.8365154444444407,0.004799777777780179
19,21,1.0010447777777776,1.1916050000000027,-4.3660932222222755,0.01365044444444763
19,22,1.0007646666666663,1.2255970000000005,-5.07542066666667,0.023908999999996183
19,23,1.0004820000000005,1.261809999999997,-5.867658999999939,0.033056999999995895
19,24,1.000159333333333,1.3032070000000004,-6.814980666666671,0.03769733333333747
19,25,0.999784777777778,1.3495387777777754,-7.921699555555499,0.03529933333333446
19,26,0.9993112222222228,1.4011862222222193,-9.206729444444377,0.0251654444444398
19,27,0.9986076666666671,1.4585986666666697,-10.69101033333342,0.01059366666666861
19,28,0.9986076666666671,1.5167886666666657,-12.262140333333313,0.0
19,29,1.0009310000000013,1.602646,-14.710289000000024,0.0
19,30,1.0205989999999971,1.700522999999997,-17.922413999999854,0.0
19,31,1.0289249999999974,1.8089580000000005,-21.333657999999964,0.008772000000000446
19,32,1.0285965000000026,1.9255354999999987,-24.941647500000002,0.0
20,0,0.975748000000003,0.9790275000000026,-0.6253460000000572,0.0
20,1,0.97585,0.9791294999999991,-0.6273859999999978,9.949999999747661e-05
20,2,0.97585,0.9801059999999979,-0.6293389999999954,9.999999999621423e-06
20,3,0.9758630000000004,0.9814700000000016,-0.6336520000000121,0.0
20,4,0.9760700000000003,0.9831429999999999,-0.6438910000000053,0.0
20,5,0.9765340000000009,0.9838600000000035,-0.6560520000000345,0.0
20,6,0.9772560000000006,0.9864150000000009,-0.6833560000000176,0.0
20,7,0.9782140000000012,0.9888530000000024,-0.7172600000000422,0.0
20,8,0.9790839999999967,0.9929759999999987,-0.7635209999999262,0.0
20,9,0.9799579999999999,0.9976540000000007,-0.8184250000000048,0.0
20,10,0.9807570000000005,1.0029220000000016,-0.8818170000000265,0.0
20,11,0.9815100000000001,1.0092599999999976,-0.9602569999999773,0.0
20,12,0.9822309999999987,1.0167940000000009,-1.057550999999986,0.0
20,13,0.9833449999999999,1.027595999999999,-1.2094549999999877,0.0
20,14,0.985128999999997,1.0381619999999998,-1.3824929999999398,0.0
20,15,0.9877930000000035,1.0526430000000033,-1.6385070000001178,0.0
20,16,0.991451000000005,1.0702700000000007,-1.9760720000001086,0.0
20,17,0.9959679999999977,1.0913009999999943,-2.4029079999998615,0.0
20,18,1.0009200000000007,1.115544000000007,-2.914079000000136,0.0
20,19,1.0012046666666672,1.1387696666666614,-3.3378343333332445,0.004613333333331582
20,20,1.0012622222222227,1.1649312222222215,-3.8365154444444407,0.013439555555560645
20,21,1.0010447777777776,1.1916050000000027,-4.3660932222222755,0.023980666666670203
20,22,1.0007646666666663,1.2255970000000005,-5.07542066666667,0.03300933333333589
20,23,1.0004820000000005,1.3005949999999966,-6.759713999999931,0.03774399999999645
20,24,1.000159333333333,1.3032070000000004,-6.814980666666671,0.03545500000000601
20,25,0.999784777777778,1.3495387777777754,-7.921699555555499,0.025470555555553887
20,26,0.9993112222222228,1.4011862222222193,-9.206729444444377,0.01093822222221874
20,27,0.9993112222222228,1.4529702222222245,-10.553113444444516,0.0
20,28,1.0011979999999951,1.5193789999999936,-12.383885999999727,0.0
20,29,1.0208129999999969,1.6222610000000017,-15.656881999999989,0.0
20,30,1.0290165000000009,1.708726500000001,-18.32845150000005,0.00881450000000683
20,31,1.0290165000000009,1.808866499999997,-21.332651499999933,0.0
21,0,0.9760399999999976,0.9789850000000015,-0.6311859999999498,0.0
21,1,0.9760069999999983,0.9790510000000001,-0.6305259999999657,5.9999999999504894e-05
21,2,0.9758630000000004,0.9801579999999994,-0.6297160000000055,0.0
21,3,0.9759770000000005,0.9819260000000021,-0.6373000000000175,0.0
21,4,0.9765209999999982,0.9838339999999981,-0.655674999999956,0.0
21,5,0.9771669999999979,0.9862369999999956,-0.6805969999999348,0.0
21,6,0.9780979999999992,0.9886209999999984,-0.7134319999999761,0.0
21,7,0.9791050000000006,0.9929759999999987,-0.7639410000000026,0.0
21,8,0.9799740000000021,0.9938450000000003,-0.7882730000000464,0.0
21,9,0.9808210000000024,0.9985020000000056,-0.8433170000000985,0.0
21,10,0.9815860000000001,1.0036869999999993,-0.9060469999999938,0.0
21,11,0.982445000000002,1.0101189999999995,-0.9884060000000368,0.0
21,12,0.9834600000000009,1.0178089999999997,-1.0943110000000154,0.0
21,13,0.9852899999999991,1.0294259999999973,-1.2721449999999486,0.0
21,14,0.9879800000000003,1.040852000000001,-1.4771730000000218,0.0
21,15,0.9916869999999989,1.056350000000002,-1.7719920000000045,0.0
21,16,0.9963079999999991,1.074891000000001,-2.1471479999999943,0.0
21,17,1.0013540000000063,1.0963470000000015,-2.596410000000155,0.0
21,18,1.0015889999999996,1.1157789999999999,-2.931688999999988,0.004437999999996833
21,19,1.0012046666666672,1.1387696666666614,-3.3378343333332445,0.013063666666667473
21,20,1.0012622222222227,1.1649312222222215,-3.8365154444444407,0.023755333333337347
21,21,1.0010447777777776,1.1916050000000027,-4.3660932222222755,0.033052888888892795
21,22,1.0007646666666663,1.2594736666666695,-5.820707333333388,0.03769166666666379
21,23,1.0004820000000005,1.261809999999997,-5.867658999999939,0.035510999999999626
21,24,1.000159333333333,1.3032070000000004,-6.814980666666671,0.025606666666668332
21,25,0.999784777777778,1.3495387777777754,-7.921699555555499,0.011129777777778571
21,26,0.999784777777778,1.3973977777777777,-9.118174555555559,0.0
21,27,1.001571999999996,1.4552309999999977,-10.659369999999853,0.0
21,28,1.0209120000000027,1.5387190000000004,-13.319686000000068,0.0
21,29,1.0290889999999988,1.6305179999999946,-16.06185499999982,0.008848000000000411
21,30,1.029088999999999,1.7086540000000028,-18.327799000000063,0.0
22,0,0.976110000000002,0.9789149999999971,-0.6326560000000434,0.0
22,1,0.9760069999999983,0.9790510000000001,-0.6305259999999657,0.0
22,2,0.97607,0.9791140000000027,-0.6319750000000042,0.0
22,3,0.976462999999999,0.9825489999999988,-0.6493749999999743,0.0
22,4,0.9772630000000007,0.9844930000000005,-0.6738930000000174,0.0
22,5,0.9780030000000011,0.9871620000000014,-0.7027780000000305,0.0
22,6,0.979063,0.9884599999999999,-0.7327310000000011,0.0
22,7,0.9800059999999995,0.9906930000000003,-0.7668809999999908,0.0
22,8,0.9808199999999978,0.9946589999999986,-0.8125509999999423,0.0
22,9,0.9816529999999979,0.999334000000001,-0.8682769999999636,0.0
22,10,0.9825499999999998,1.0045840000000013,-0.9352610000000077,0.0
22,11,0.9837360000000004,1.0113050000000001,-1.028563000000009,0.0
22,12,0.9853279999999991,1.0194009999999984,-1.1526429999999621,0.0
22,13,0.9881710000000012,1.0323610000000016,-1.37080100000005,0.0
22,14,0.9918860000000009,1.0445670000000007,-1.6112090000000308,0.0
22,15,0.9965440000000001,1.061008000000001,-1.9438590000000175,0.0
22,16,1.0017050000000012,1.080052000000002,-2.3430610000000556,0.0
22,17,1.0019806666666666,1.0966226666666667,-2.6142563333333335,0.0045623333333359994
22,18,1.0015889999999996,1.1157789999999999,-2.931688999999988,0.012808999999997184
22,19,1.0012046666666672,1.1643556666666672,-3.823968333333358,0.023225999999997526
22,20,1.0012622222222227,1.1649312222222215,-3.8365154444444407,0.03284611111110891
22,21,1.0010447777777776,1.1916050000000027,-4.3660932222222755,0.037756111111114876
22,22,1.0007646666666663,1.2255970000000005,-5.07542066666667,0.03546999999999656
22,23,1.0004820000000005,1.261809999999997,-5.867658999999939,0.025659999999998462
22,24,1.000159333333333,1.3032070000000004,-6.814980666666671,0.011226333333336669
22,25,1.000159333333333,1.346542333333336,-7.855028666666723,0.0
22,26,1.0018200000000022,1.399433000000002,-9.213830000000094,0.0
22,27,1.0211830000000006,1.4745939999999962,-11.59400199999991,0.0
22,28,1.0290490000000005,1.5465850000000003,-13.710811000000021,0.00886899999999713
22,29,1.029088999999999,1.630517999999995,-16.061854999999838,0.0
23,0,0.9762229999999974,0.9789149999999971,-0.6351419999999415,0.0
23,1,0.9762440000000012,0.9791140000000027,-0.6358030000000312,0.0
23,2,0.9766239999999975,0.979493999999999,-0.6449229999999417,0.0
23,3,0.9772649999999992,0.9834069999999997,-0.6695929999999812,0.0
23,4,0.9782180000000018,0.9843600000000023,-0.69437100000005,0.0
23,5,0.9789199999999987,0.9881739999999972,-0.728011999999957,0.0
23,6,0.9800000000000004,0.9906810000000021,-0.7666710000000236,0.0
23,7,0.9808669999999999,0.9915610000000008,-0.7918990000000043,0.0
23,8,0.9816549999999999,0.9954469999999986,-0.8372249999999894,0.0
23,9,0.982642000000002,1.000390000000003,-0.8995390000000718,0.0
23,10,0.9838640000000005,1.0058059999999998,-0.9763890000000082,0.0
23,11,0.9856599999999993,1.013100999999999,-1.0906469999999722,0.0
23,12,0.988078999999999,1.0218199999999982,-1.2421929999999577,0.0
23,13,0.9920960000000036,1.0364800000000045,-1.51069800000014,0.0
23,14,0.9967880000000022,1.0492589999999993,-1.7847410000000394,0.0
23,15,1.0019690000000026,1.0661890000000014,-2.1409240000000764,0.0
23,16,1.002181111111111,1.080264111111111,-2.3569292222222167,0.0047268888888858385
23,17,1.0019806666666666,1.0966226666666667,-2.6142563333333335,0.01310266666666493
23,18,1.0015889999999996,1.1157789999999999,-2.931688999999988,0.023025999999997993
23,19,1.0012046666666672,1.1643556666666672,-3.823968333333358,0.03223733333333101
23,20,1.0012622222222225,1.1898492222222208,-4.334875444444421,0.03759588888889098
23,21,1.0010447777777776,1.1916050000000027,-4.3660932222222755,0.03552933333333641
23,22,1.0007646666666663,1.2255970000000005,-5.07542066666667,0.02569133333333795
23,23,1.0004820000000005,1.261809999999997,-5.867658999999939,0.011276999999992654
23,24,1.0004820000000005,1.3005949999999966,-6.759713999999931,0.0
23,25,1.0020099999999985,1.3483930000000015,-7.942010000000003,0.0
23,26,1.021300999999994,1.4187239999999974,-10.143977999999798,0.0
23,27,1.0291764999999984,1.4824695000000006,-11.98249749999998,0.008897500000003333
23,28,1.0291764999999984,1.5464575000000025,-13.710173500000032,0.0
24,0,0.976536000000003,0.9789360000000009,-0.6423410000000693,0.0
24,1,0.97682,0.979493999999999,-0.6494309999999999,0.0
24,2,0.977449,0.980122999999999,-0.6651559999999996,0.0
24,3,0.978275,0.9843600000000023,-0.6956820000000086,0.0
24,4,0.9792609999999975,0.9859349999999978,-0.7246599999999326,0.0
24,5,0.9798280000000013,0.9892250000000011,-0.7541510000000358,0.0
24,6,0.9808599999999998,0.9906359999999985,-0.7861809999999885,0.0
24,7,0.9816649999999996,0.992366999999998,-0.8158949999999763,0.0
24,8,0.9825730000000021,0.9963550000000012,-0.8656030000000605,0.0
24,9,0.9839299999999973,1.0018019999999979,-0.9418709999999173,0.0
24,10,0.9857839999999953,1.0076599999999978,-1.0390889999998691,0.0
24,11,0.9884720000000016,1.0157890000000052,-1.1848910000000927,0.0
24,12,0.9919020000000032,1.0252499999999998,-1.3712820000000718,0.0
24,13,0.9969559999999973,1.0416229999999942,-1.6893369999998598,0.0
24,14,1.0022999999999982,1.054465999999998,-1.9845519999999297,0.0
24,15,1.002298555555555,1.0663245555555605,-2.15053711111117,0.004827444444444495
24,16,1.002181111111111,1.080264111111111,-2.3569292222222167,0.013417777777771533
24,17,1.0019806666666666,1.0966226666666667,-2.6142563333333335,0.023492999999998432
24,18,1.0015889999999996,1.1356950000000023,-3.290177000000032,0.032161000000002105
24,19,1.0012046666666672,1.1387696666666614,-3.3378343333332445,0.036991666666668976
24,20,1.0012622222222227,1.1649312222222215,-3.8365154444444407,0.0354486666666638
24,21,1.0010447777777776,1.1916050000000027,-4.3660932222222755,0.025748555555558994
24,22,1.0007646666666663,1.2255970000000005,-5.07542066666667,0.011308666666668188
24,23,1.0007646666666663,1.2594736666666695,-5.820707333333388,0.0
24,24,1.0022280000000023,1.3023409999999984,-6.841776000000017,0.0
24,25,1.021408000000001,1.3675730000000001,-8.867664000000026,0.0
24,26,1.0291995000000007,1.4265154999999972,-10.528222499999945,0.008913500000002017
24,27,1.0291995000000007,1.4824464999999982,-11.982428499999976,0.0
25,0,0.9770949999999985,0.979219999999998,-0.6557569999999622,0.0
25,1,0.977640000000001,0.9797650000000004,-0.6693820000000237,0.0
25,2,0.978468000000003,0.982132,-0.6936300000000735,0.0
25,3,0.9793529999999997,0.9853459999999998,-0.7245119999999936,0.0
25,4,0.9802630000000008,0.9865020000000015,-0.7509760000000263,0.0
25,5,0.9806530000000002,0.9902219999999993,-0.7789360000000016,0.0
25,6,0.981657000000002,0.9916230000000041,-0.811231000000074,0.0
25,7,0.9825780000000002,0.9933329999999998,-0.8445690000000035,0.0
25,8,0.9838059999999977,0.9976319999999959,-0.905410999999912,0.0
25,9,0.9858519999999977,1.0039679999999969,-1.0074929999999185,0.0
25,10,0.9885830000000055,1.0103910000000056,-1.1335750000001923,0.0
25,11,0.9923209999999969,1.0195269999999965,-1.3183849999998856,0.0
25,12,0.9966730000000013,1.0296020000000041,-1.538010000000078,0.0
25,13,1.0022999999999982,1.0473209999999966,-1.891666999999913,0.0
25,14,1.0023812222222221,1.0545472222222219,-1.9876384444444426,0.0049087777777856445
25,15,1.002298555555555,1.0663245555555605,-2.15053711111117,0.013594888888889045
25,16,1.002181111111111,1.080264111111111,-2.3569292222222167,0.023874666666664268
25,17,1.0019806666666666,1.112645666666664,-2.8866473333332863,0.03273133333333078
25,18,1.0015889999999996,1.1157789999999999,-2.931688999999988,0.03704099999999855
25,19,1.0012046666666672,1.1387696666666614,-3.3378343333332445,0.034921000000000646
25,20,1.0012622222222227,1.1649312222222215,-3.8365154444444407,0.02571044444444226
25,21,1.0010447777777776,1.1916050000000027,-4.3660932222222755,0.011367777777778088
25,22,1.0010447777777776,1.2230987777777775,-5.0274625555555446,0.0
25,23,1.0024370000000005,1.2611460000000037,-5.899307000000093,0.0
25,24,1.0215299999999985,1.3214339999999964,-7.763255999999878,0.0
25,25,1.029220500000001,1.3752635000000026,-9.247426500000088,0.00895349999999695
25,26,1.029220500000001,1.426494499999997,-10.528201499999945,0.0
26,0,0.9778729999999989,0.9797650000000004,-0.6752069999999719,0.0
26,1,0.9786029999999997,0.980951000000001,-0.6946429999999921,0.0
26,2,0.9795079999999992,0.9830169999999967,-0.7213999999999707,0.0
26,3,0.9803960000000025,0.9862560000000009,-0.7533170000000666,0.0
26,4,0.9812779999999997,0.9870149999999995,-0.7785259999999887,0.0
26,5,0.9814669999999985,0.9912429999999972,-0.8043909999999492,0.0
26,6,0.982524999999999,0.9926250000000003,-0.8389429999999756,0.0
26,7,0.9837570000000007,0.9975340000000017,-0.9034510000000289,0.0
26,8,0.9856079999999992,0.9994859999999974,-0.96529299999996,0.0
26,9,0.9886010000000027,1.0070559999999986,-1.1040100000000592,0.0
26,10,0.9923929999999999,1.014197000000003,-1.2668850000000234,0.0
26,11,0.9970740000000049,1.0242080000000016,-1.488701000000141,0.0
26,12,1.0019459999999967,1.034473999999996,-1.7282989999998648,0.0
26,13,1.002442666666667,1.047780666666668,-1.9012093333333624,0.004919333333333498
26,14,1.0023812222222221,1.0545472222222219,-1.9876384444444426,0.013662555555558953
26,15,1.002298555555555,1.0663245555555605,-2.15053711111117,0.02406033333333113
26,16,1.002181111111111,1.080264111111111,-2.3569292222222167,0.033118555555557094
26,17,1.0019806666666666,1.0966226666666667,-2.6142563333333335,0.03763966666666363
26,18,1.0015889999999996,1.1157789999999999,-2.931688999999988,0.03507100000000207
26,19,1.0012046666666672,1.1387696666666614,-3.3378343333332445,0.02535833333333315
26,20,1.0012622222222227,1.1649312222222215,-3.8365154444444407,0.01136022222222266
26,21,1.0012622222222225,1.1898492222222208,-4.334875444444425,0.0
26,22,1.0025899999999979,1.2246439999999978,-5.1000879999999,0.0
26,23,1.0216489999999965,1.2802050000000023,-6.817963999999961,0.0
26,24,1.0292549999999991,1.329039999999999,-8.138924999999958,0.00896099999999933
26,25,1.029220500000001,1.3752635000000026,-9.247426500000088,0.0
27,0,0.9787479999999995,0.9804950000000012,-0.6979569999999882,0.0
27,1,0.9795860000000012,0.9818560000000005,-0.7211060000000309,0.0
27,2,0.9804870000000001,0.983905,-0.7486300000000021,0.0
27,3,0.9813030000000005,0.9870149999999995,-0.7791760000000103,0.0
27,4,0.9821049999999971,0.9875104999999973,-0.8023164999999128,0.00015250000000044395
27,5,0.9823909999999998,0.9877965,-0.8111824999999957,0.0
27,6,0.9836990000000014,0.9938110000000044,-0.8765830000000641,0.0
27,7,0.985555999999999,0.9993819999999971,-0.9631609999999533,0.0
27,8,0.988262000000006,1.0021670000000071,-1.0557450000002149,0.0
27,9,0.9923789999999997,1.0112469999999973,-1.2399569999999684,0.0
27,10,0.9971049999999977,1.0189249999999959,-1.4366769999998965,0.0
27,11,1.002334999999995,1.029437999999999,-1.6830169999998574,0.0
27,12,1.0024074444444446,1.0345464444444454,-1.7411658888889079,0.004615555555560036
27,13,1.002442666666667,1.047780666666668,-1.9012093333333624,0.013661666666671124
27,14,1.0023812222222221,1.065663222222223,-2.1432624444444563,0.024110333333336342
27,15,1.002298555555555,1.0663245555555605,-2.15053711111117,0.033281777777773414
27,16,1.002181111111111,1.080264111111111,-2.3569292222222167,0.038006444444441456
27,17,1.0019806666666666,1.0966226666666667,-2.6142563333333335,0.03563999999999723
27,18,1.0015889999999996,1.1157789999999999,-2.931688999999988,0.025543000000002536
27,19,1.0012046666666672,1.1387696666666614,-3.3378343333332445,0.01117966666666348
27,20,1.0012622222222225,1.1649312222222212,-3.83651544444443,0.0
27,21,1.0027960000000036,1.1913830000000019,-4.4069630000001325,0.0
27,22,1.0218050000000005,1.2436529999999948,-6.017875999999902,0.0
27,23,1.0293099999999988,1.2877100000000006,-7.1897649999999835,0.008973999999998483
27,24,1.0292549999999991,1.329039999999999,-8.138924999999958,0.0
28,0,0.9796450000000014,0.9813330000000029,-0.7221760000000401,0.0
28,1,0.9804879999999976,0.9827579999999969,-0.7463619999999302,0.0
28,2,0.9813329999999993,0.9847210000000004,-0.7731039999999822,0.0
28,3,0.9821049999999971,0.9875104999999973,-0.8023164999999128,0.0
28,4,0.9829630000000016,0.9880825000000009,-0.8280565000000486,0.00031150000000224054
28,5,0.9836869999999998,0.9937870000000011,-0.8761270000000003,0.0
28,6,0.9855079999999994,0.9963209999999982,-0.9404859999999715,0.0
28,7,0.9882350000000031,0.9990960000000015,-1.033492000000095,0.0
28,8,0.9919659999999979,1.005870999999999,-1.1853849999999326,0.0
28,9,0.9970890000000026,1.016376000000001,-1.4132880000000796,0.0
28,10,1.0023460000000028,1.0241700000000051,-1.6306340000001285,0.0
28,11,1.0025554444444442,1.0296474444444403,-1.6912728888888395,0.004795555555556774
28,12,1.0024074444444446,1.0345464444444454,-1.7411658888889079,0.013137111111113597
28,13,1.002442666666667,1.0540556666666632,-1.9827843333332993,0.024048000000000513
28,14,1.0023812222222221,1.0545472222222219,-1.9876384444444426,0.0332871111111217
28,15,1.002298555555555,1.0663245555555605,-2.15053711111117,0.03809422222222025
28,16,1.002181111111111,1.080264111111111,-2.3569292222222167,0.03590533333333212
28,17,1.0019806666666666,1.112645666666664,-2.8866473333332863,0.02593033333333139
28,18,1.0015889999999996,1.1157789999999999,-2.931688999999988,0.011297000000002555
28,19,1.0015889999999996,1.1356950000000023,-3.290177000000032,0.0
28,20,1.002957000000002,1.1666260000000008,-3.916170000000072,0.0
28,21,1.0218849999999975,1.2103109999999973,-5.3198539999998715,0.0
28,22,1.0293635000000023,1.2511314999999996,-6.3864825000000565,0.008977500000000305
28,23,1.0293099999999988,1.2877100000000006,-7.1897649999999835,0.0
29,0,0.9804689999999994,0.9821570000000008,-0.7452479999999824,0.0
29,1,0.9812810000000027,0.9835500000000046,-0.7693580000000821,0.0
29,2,0.9821039999999996,0.9854920000000007,-0.7962339999999912,0.0
29,3,0.9829630000000016,0.9880825000000009,-0.8280565000000486,0.0
29,4,0.9840949999999999,0.9890104999999991,-0.8636684999999957,0.0004465000000024588
29,5,0.9856520000000017,0.9905675000000009,-0.9150495000000554,0.0
29,6,0.9882780000000011,0.9982460000000017,-1.0295960000000406,0.0
29,7,0.9920309999999972,1.005870999999999,-1.1872049999999135,0.0
29,8,0.9966700000000017,1.0105100000000036,-1.3542090000000755,0.0
29,9,1.0023419999999987,1.0220219999999998,-1.611185999999961,0.0
29,10,1.0025821111111108,1.0244061111111131,-1.6396062222222305,0.004787888888884595
29,11,1.0025554444444442,1.0296474444444403,-1.6912728888888395,0.01343611111111187
29,12,1.0024074444444446,1.047428444444443,-1.8957498888888757,0.02343266666666821
29,13,1.002442666666667,1.047780666666668,-1.9012093333333624,0.03320933333333187
29,14,1.0023812222222221,1.0545472222222219,-1.9876384444444426,0.03807788888889618
29,15,1.002298555555555,1.0663245555555605,-2.15053711111117,0.03596366666666739
29,16,1.002181111111111,1.080264111111111,-2.3569292222222167,0.02612122222221913
29,17,1.0019806666666666,1.0966226666666667,-2.6142563333333335,0.01152566666666388
29,18,1.0015889999999996,1.1157789999999999,-2.931688999999988,0.0
29,19,1.0030359999999945,1.1371419999999972,-3.3581859999997903,0.0
29,20,1.0220059999999975,1.1855960000000039,-4.828942000000005,0.0
29,21,1.0294324999999986,1.2177374999999984,-5.687140499999927,0.008997499999999548
29,22,1.0293635000000023,1.2511314999999996,-6.3864825000000565,0.0
30,0,0.9812010000000022,0.9829080000000019,-0.7664760000000648,0.0
30,1,0.9819979999999973,0.9843189999999957,-0.7909199999999146,0.0
30,2,0.982921000000001,0.9863099999999996,-0.8215630000000296,0.0
30,3,0.9840949999999999,0.9890104999999991,-0.8636684999999957,0.0
30,4,0.985835999999999,0.9906594999999996,-0.9208454999999702,0.0005595000000013783
30,5,0.988545000000002,0.9982460000000017,-1.0373390000000668,0.0
30,6,0.9921189999999953,1.001819999999995,-1.1624289999998325,0.0
30,7,0.9968190000000021,1.0075490000000045,-1.3378030000000933,0.0
30,8,1.0019489999999962,1.0156399999999977,-1.5483399999998682,0.0
30,9,1.0026181111111114,1.0227251111111144,-1.625521222222261,0.004759888888891339
30,10,1.0025821111111108,1.0244061111111131,-1.6396062222222305,0.013435777777775826
30,11,1.0025554444444442,1.0296474444444403,-1.6912728888888395,0.02378166666667525
30,12,1.0024074444444446,1.0345464444444454,-1.7411658888889079,0.032579222222221205
30,13,1.002442666666667,1.0540556666666632,-1.9827843333332993,0.03798766666666609
30,14,1.0023812222222221,1.065663222222223,-2.1432624444444563,0.035932666666671054
30,15,1.002298555555555,1.0663245555555605,-2.15053711111117,0.026157111111110964
30,16,1.002181111111111,1.080264111111111,-2.3569292222222167,0.011619111111109248
30,17,1.002181111111111,1.0950191111111114,-2.593009222222218,0.0
30,18,1.0032309999999995,1.1138959999999969,-2.945412999999931,0.0
30,19,1.0220720000000014,1.155982999999999,-4.268209000000027,0.0
30,20,1.029509000000001,1.1930330000000033,-5.195269000000092,0.009004999999998375
30,21,1.0294324999999986,1.2177374999999984,-5.687140499999927,0.0
31,0,0.9819049999999976,0.9836919999999978,-0.787595999999926,0.0
31,1,0.9828290000000024,0.9852560000000032,-0.8167870000000761,0.0
31,2,0.9840780000000002,0.9875089999999993,-0.8586710000000046,0.0
31,3,0.985835999999999,0.9892839999999978,-0.916718999999965,0.0
31,4,0.988545000000002,0.9934030000000041,-1.0131240000000794,0.000634999999999053
31,5,0.992484999999995,1.001819999999995,-1.1734089999998218,0.0
31,6,0.9969740000000016,1.0075490000000045,-1.3424530000000772,0.0
31,7,1.0021890000000013,1.0127640000000042,-1.5354080000000678,0.0
31,8,1.0025706666666667,1.016021666666663,-1.570043333333306,0.004475333333335385
31,9,1.0026181111111114,1.0227251111111144,-1.625521222222261,0.013383777777775663
31,10,1.0025821111111108,1.0244061111111131,-1.6396062222222305,0.023778666666661508
31,11,1.0025554444444442,1.0296474444444403,-1.6912728888888395,0.03291122222222853
31,12,1.0024074444444446,1.0345464444444454,-1.7411658888889079,0.03746177777777504
31,13,1.002442666666667,1.0540556666666632,-1.9827843333332993,0.035849999999996385
31,14,1.0023812222222221,1.0545472222222219,-1.9876384444444426,0.026128444444449173
31,15,1.002298555555555,1.0663245555555605,-2.15053711111117,0.01164855555555988
31,16,1.002298555555555,1.0793245555555586,-2.345537111111142,0.0
31,17,1.003383999999997,1.0962219999999974,-2.6495449999998613,0.0
31,18,1.0222470000000001,1.132759,-3.855427000000006,0.0
31,19,1.0295295000000024,1.1632655000000014,-4.630301500000101,0.009010500000002253
31,20,1.029509000000001,1.1930330000000033,-5.195269000000092,0.0
32,0,0.9827460000000023,0.9846260000000022,-0.8136670000000734,0.0
32,1,0.9839969999999987,0.9865159999999982,-0.8542549999999558,0.0
32,2,0.9858619999999974,0.9885049999999964,-0.9159669999999096,0.0
32,3,0.9884759999999986,0.9932994999999991,-1.0106054999999543,0.0
32,4,0.992484999999995,0.9975069999999917,-1.1518439999998051,0.0007039999999989277
32,5,0.9973680000000016,1.0063090000000017,-1.3472270000000606,0.0
32,6,1.0024080000000026,1.0113490000000027,-1.5337070000000992,0.0
32,7,1.0028225555555552,1.0131785555555568,-1.5579501111111043,0.004582444444441336
32,8,1.0025706666666667,1.016021666666663,-1.570043333333306,0.01290266666666895
32,9,1.0026181111111114,1.0227251111111144,-1.625521222222261,0.02372366666666892
32,10,1.0025821111111108,1.0244061111111131,-1.6396062222222305,0.03291855555555756
32,11,1.0025554444444442,1.0296474444444403,-1.6912728888888395,0.03775177777778538
32,12,1.0024074444444446,1.0345464444444454,-1.7411658888889079,0.035459333333331955
32,13,1.002442666666667,1.0540556666666632,-1.9827843333332993,0.026083333333332348
32,14,1.0023812222222221,1.0545472222222219,-1.9876384444444426,0.01163522222223179
32,15,1.0023812222222221,1.065663222222223,-2.1432624444444563,0.0
32,16,1.003459999999997,1.0804860000000005,-2.4001249999999104,0.0
32,17,1.0223310000000012,1.1150930000000017,-3.5577090000000666,0.0
32,18,1.0296440000000011,1.140072,-4.216368000000035,0.009013999999996969
32,19,1.0295295000000024,1.1632655000000014,-4.630301500000101,0.0
33,0,0.9839319999999994,0.9858949999999993,-0.8516189999999781,0.0
33,1,0.9858189999999993,0.9884190000000004,-0.914461999999979,0.0
33,2,0.9885750000000022,0.9912259999999975,-1.008225000000067,0.0
33,3,0.992157000000006,0.9970150000000082,-1.1395440000002175,0.0
33,4,0.9973680000000016,1.0026550000000007,-1.328957000000056,0.0007550000000016155
33,5,1.002746000000002,1.0113490000000027,-1.5445230000000763,0.0
33,6,1.0028855555555556,1.012674555555554,-1.556942111111102,0.004728444444438651
33,7,1.0028225555555552,1.0131785555555568,-1.5579501111111043,0.013149888888886352
33,8,1.0025706666666667,1.016021666666663,-1.570043333333306,0.023164000000001295
33,9,1.0026181111111114,1.0227251111111144,-1.625521222222261,0.03287455555555141
33,10,1.0025821111111108,1.029434111111108,-1.6898862222221815,0.0377484444444427
33,11,1.0025554444444442,1.0296474444444403,-1.6912728888888395,0.03568533333333335
33,12,1.0024074444444446,1.0345464444444454,-1.7411658888889079,0.02585688888889237
33,13,1.002442666666667,1.047780666666668,-1.9012093333333624,0.01162466666666262
33,14,1.002442666666667,1.0540556666666632,-1.9827843333332993,0.0
33,15,1.0035590000000028,1.0668410000000037,-2.1986180000001454,0.0
33,16,1.0224040000000016,1.0993309999999994,-3.307853000000044,0.0
33,17,1.0297279999999986,1.1224169999999987,-3.9189209999999335,0.009014000000000522
33,18,1.0297279999999986,1.1399880000000024,-4.217627999999998,0.0
34,0,0.9857869999999984,0.9878149999999977,-0.9128339999999469,0.0
34,1,0.9885670000000033,0.9906460000000052,-1.0073730000001149,0.0
34,2,0.9923559999999938,0.9954800000000006,-1.1415059999997936,0.0
34,3,0.9968379999999967,1.0018599999999933,-1.3085519999998674,0.0
34,4,1.0024902222222216,1.0079928333333303,-1.5195572777777429,0.0009373888888859483
34,5,1.002913666666667,1.011263666666667,-1.5496293333333409,0.004945333333324697
34,6,1.0028855555555556,1.0114885555555564,-1.5498261111111162,0.013442888888889115
34,7,1.0028225555555552,1.0131785555555568,-1.5579501111111043,0.02356433333332575
34,8,1.0025706666666667,1.016021666666663,-1.570043333333306,0.032354333333326935
34,9,1.0026181111111114,1.0227251111111144,-1.625521222222261,0.03771744444443925
34,10,1.0025821111111108,1.029434111111108,-1.6898862222221815,0.03567433333333625
34,11,1.0025554444444442,1.0296474444444403,-1.6912728888888395,0.025972888888894374
34,12,1.0024074444444446,1.0345464444444454,-1.7411658888889079,0.011521444444447582
34,13,1.002442666666667,1.047780666666668,-1.9012093333333624,0.0
34,14,1.0036500000000004,1.0552629999999965,-2.039528999999966,0.0
34,15,1.0224720000000005,1.0856630000000038,-3.1050770000000725,0.0
34,16,1.0297829999999983,1.1066419999999972,-3.668335999999904,0.009035000000004345
34,17,1.0297279999999986,1.1224169999999987,-3.9189209999999335,0.0
35,0,0.9885480000000015,0.9906080000000017,-1.006708000000053,0.0
35,1,0.9923629999999974,0.995006999999994,-1.1407979999999043,0.0
35,2,0.9970890000000026,0.9997329999999991,-1.3109340000000884,0.0
35,3,1.0020590000000027,1.0049320000000037,-1.4952820000001026,0.0
35,4,1.0024902222222216,1.0079928333333303,-1.5195572777777429,0.005969166666666581
35,5,1.002913666666667,1.011263666666667,-1.5496293333333409,0.013772666666660882
35,6,1.0028855555555556,1.012674555555554,-1.556942111111102,0.023920333333329324
35,7,1.0028225555555552,1.0131785555555568,-1.5579501111111043,0.032830777777768105
35,8,1.0025706666666667,1.016021666666663,-1.570043333333306,0.03728366666667071
35,9,1.0026181111111114,1.0227251111111144,-1.625521222222261,0.03566033333333252
35,10,1.0025821111111108,1.0244061111111131,-1.6396062222222305,0.025977222222227425
35,11,1.0025554444444442,1.0296474444444403,-1.6912728888888395,0.011577444444448304
35,12,1.0025554444444442,1.0333624444444478,-1.7321378888889196,0.0
35,13,1.0037269999999978,1.0490649999999988,-1.961572999999909,0.0
35,14,1.0225380000000044,1.074074000000003,-2.9450750000001946,0.0
35,15,1.029830999999998,1.0929559999999974,-3.464677999999889,0.009037000000006401
35,16,1.0297829999999983,1.1066419999999972,-3.668335999999904,0.0
36,0,0.9923629999999974,0.9944419999999994,-1.1402329999999097,0.0
36,1,0.9971350000000001,0.9997329999999991,-1.3125440000000026,0.0
36,2,1.0024299999999968,1.0049799999999998,-1.5084109999998851,9.999999999621423e-06
36,3,1.0024902222222216,1.0079928333333303,-1.5195572777777429,0.00458277777777738
36,4,1.0024902222222216,1.0079928333333303,-1.5195572777777429,0.014884944444446546
36,5,1.002913666666667,1.011263666666667,-1.5496293333333409,0.024248999999997523
36,6,1.0028855555555556,1.012674555555554,-1.556942111111102,0.033199777777774386
36,7,1.0028225555555552,1.0131785555555568,-1.5579501111111043,0.03777122222221152
36,8,1.0025706666666667,1.016021666666663,-1.570043333333306,0.035337999999999425
36,9,1.0026181111111114,1.0227251111111144,-1.625521222222261,0.025969222222222754
36,10,1.0025821111111108,1.0244061111111131,-1.6396062222222305,0.011573111111115253
36,11,1.0025821111111108,1.029434111111108,-1.6898862222221815,0.0
36,12,1.0037269999999978,1.0345340000000007,-1.787200999999932,0.0
36,13,1.0225909999999985,1.0679289999999995,-2.8670449999999406,0.0
36,14,1.0298824999999994,1.081365500000004,-3.3042135000000314,0.009034499999998502
36,15,1.0298824999999994,1.092904499999996,-3.465759499999919,0.0
37,0,0.9971390000000042,0.999214000000002,-1.3121690000001536,0.0
37,1,1.0024299999999968,1.0049799999999998,-1.5084109999998851,0.0
37,2,1.0024902222222218,1.0050402222222243,-1.5106994444444388,0.004988777777779507
37,3,1.0024902222222216,1.0079928333333303,-1.5195572777777429,0.013036555555558493
37,4,1.0024902222222216,1.0079928333333303,-1.5195572777777429,0.025513722222221702
37,5,1.002913666666667,1.011263666666667,-1.5496293333333409,0.03347333333332614
37,6,1.0028855555555556,1.012674555555554,-1.556942111111102,0.03810422222222343
37,7,1.0028225555555552,1.0131785555555568,-1.5579501111111043,0.03578466666666458
37,8,1.0025706666666667,1.016021666666663,-1.570043333333306,0.025779333333328935
37,9,1.0026181111111114,1.0227251111111144,-1.625521222222261,0.01157211111110712
37,10,1.0026181111111114,1.0241181111111075,-1.6380582222221989,0.0
37,11,1.0038720000000012,1.0307239999999993,-1.7505110000000386,0.0
37,12,1.022625000000005,1.0532870000000045,-2.6925650000002364,0.0
37,13,1.0299280000000017,1.0752319999999962,-3.2261160000000153,0.009039000000001352
37,14,1.0298824999999994,1.081365500000004,-3.3042135000000314,0.0
38,0,1.002437999999998,1.0045049999999947,-1.5082319999999214,0.0
38,1,1.0025975555555564,1.0046645555555547,-1.5142951111111453,0.0049254444444482015
38,2,1.0024902222222218,1.0050402222222243,-1.5106994444444388,0.013866555555555937
38,3,1.0024902222222216,1.0079928333333303,-1.5195572777777429,0.023245333333328233
38,4,1.0024902222222216,1.0079928333333303,-1.5195572777777429,0.03493649999999349
38,5,1.002913666666667,1.011263666666667,-1.5496293333333409,0.03829266666666342
38,6,1.0028855555555556,1.0114885555555564,-1.5498261111111162,0.03602666666666465
38,7,1.0028225555555552,1.0131785555555568,-1.5579501111111043,0.02611011111111594
38,8,1.0025706666666667,1.0222506666666678,-1.6198753333333435,0.011485666666665395
38,9,1.0026181111111114,1.0227251111111144,-1.625521222222261,0.0
38,10,1.0038800000000023,1.0253799999999984,-1.697367000000071,0.0
38,11,1.0227119999999985,1.0495559999999955,-2.654742999999897,0.0
38,12,1.029928499999997,1.060503500000003,-3.049392499999918,0.00904249999999962
38,13,1.0299280000000017,1.0752319999999962,-3.2261160000000153,0.0
39,0,1.0027855555555556,1.0042885555555543,-1.521439111111114,0.0047364444444468745
39,1,1.0025975555555564,1.0046645555555547,-1.5142951111111453,0.0137258888888947
39,2,1.0024902222222218,1.0050402222222243,-1.5106994444444388,0.024468333333335313
39,3,1.0024902222222216,1.0079928333333303,-1.5195572777777429,0.03232211111110672
39,4,1.002913666666667,1.0104496666666687,-1.545559333333351,0.03972066666667473
39,5,1.002913666666667,1.0104496666666687,-1.545559333333351,0.03614900000000176
39,6,1.0028855555555556,1.012674555555554,-1.556942111111102,0.026264111111103716
39,7,1.0028225555555552,1.0140065555555555,-1.563746111111099,0.011653555555554362
39,8,1.0025706666666667,1.0222506666666678,-1.6198753333333435,0.0
39,9,1.0039179999999988,1.0240289999999987,-1.6866519999999383,0.0
39,10,1.0227199999999996,1.0441819999999993,-2.601306999999977,0.0
39,11,1.030037,1.0568769999999998,-3.013624000000007,0.009041000000003407
39,12,1.029928499999997,1.060503500000003,-3.049392499999918,0.0
40,0,1.0027855555555556,1.0042885555555543,-1.521439111111114,0.013360888888890088
40,1,1.0027855555555556,1.0042885555555543,-1.521439111111114,0.024239333333333946
40,2,1.0024902222222218,1.0050402222222243,-1.5106994444444388,0.03389911111111532
40,3,1.0024902222222218,1.0050402222222243,-1.5106994444444388,0.03714788888888876
40,4,1.002913666666667,1.0104496666666687,-1.545559333333351,0.03749400000000236
40,5,1.002913666666667,1.0104496666666687,-1.545559333333351,0.026319333333326256
40,6,1.0028855555555556,1.012674555555554,-1.556942111111102,0.011731555555556383
40,7,1.0028225555555552,1.0140065555555555,-1.563746111111099,0.0
40,8,1.0039140000000017,1.0240210000000047,-1.686428000000106,0.0
40,9,1.0227509999999995,1.0428700000000006,-2.590707999999985,0.0
40,10,1.030034999999998,1.056870999999994,-3.013481999999861,0.009042999999998358
40,11,1.030037,1.0603949999999998,-3.0523220000000038,0.0
41,0,1.0027855555555556,1.0042885555555543,-1.521439111111114,0.023705333333332135
41,1,1.0027855555555556,1.0042885555555543,-1.521439111111114,0.03340177777778308
41,2,1.0025975555555564,1.0046645555555547,-1.5142951111111453,0.03898022222222641
41,3,1.0024902222222216,1.0079928333333303,-1.5195572777777429,0.035145666666664965
41,4,1.002913666666667,1.0104496666666687,-1.545559333333351,0.027664333333333957
41,5,1.002913666666667,1.0104496666666687,-1.545559333333351,0.011759666666662838
41,6,1.0028855555555556,1.0114885555555564,-1.5498261111111162,0.0
41,7,1.0039969999999983,1.0138159999999985,-1.6093899999999195,0.0
41,8,1.0227429999999984,1.033844000000002,-2.51817199999995,0.0
41,9,1.0300599999999989,1.051440999999997,-2.960206999999926,0.009045000000000414
41,10,1.0300599999999989,1.051440999999997,-2.960206999999926,0.0
42,0,1.0027855555555556,1.0042885555555543,-1.521439111111114,0.032863777777784264
42,1,1.0027855555555556,1.0042885555555543,-1.521439111111114,0.03824922222222682
42,2,1.0025975555555564,1.0046645555555547,-1.5142951111111453,0.037119666666666884
42,3,1.0024902222222216,1.0079928333333303,-1.5195572777777429,0.025602444444444927
42,4,1.002913666666667,1.0104496666666687,-1.545559333333351,0.013096666666669421
42,5,1.002913666666667,1.0104496666666687,-1.5455593333333493,0.0
42,6,1.0039669999999958,1.012316999999996,-1.5991359999998025,0.0
42,7,1.022820000000003,1.0326390000000032,-2.512894000000145,0.0
42,8,1.030044499999999,1.041068499999998,-2.8753294999999355,0.009048499999998683
42,9,1.0300599999999989,1.0502099999999999,-2.949127999999952,0.0
43,0,1.0027855555555556,1.0042885555555543,-1.521439111111114,0.03771522222222501
43,1,1.0027855555555556,1.0042885555555543,-1.521439111111114,0.03618866666667486
43,2,1.0027855555555556,1.0042885555555543,-1.521439111111114,0.02744811111112
43,3,1.0024902222222216,1.0079928333333303,-1.5195572777777429,0.011367222222219198
43,4,1.002913666666667,1.0104496666666687,-1.545559333333351,0.0013599999999982515
43,5,1.0039820000000006,1.0115310000000015,-1.5958360000000305,0.0
43,6,1.0228469999999987,1.0311939999999922,-2.5053579999999016,0.0
43,7,1.0301189999999991,1.0399150000000004,-2.870383999999966,0.009045999999997889
43,8,1.030044499999999,1.041068499999998,-2.8753294999999355,0.0
44,0,1.0027855555555556,1.0042885555555543,-1.521439111111114,0.03565866666666295
44,1,1.0027855555555556,1.0042885555555543,-1.521439111111114,0.026506111111110897
44,2,1.0027855555555556,1.0042885555555543,-1.521439111111114,0.013073555555557448
44,3,1.0024902222222218,1.0050402222222243,-1.5106994444444388,0.0
44,4,1.0039820000000004,1.0115310000000013,-1.5958360000000198,0.0013999999999967372
44,5,1.0228350000000006,1.030397500000003,-2.500847500000038,0.0
44,6,1.0301170000000006,1.038463999999994,-2.8615879999999976,0.009044000000002939
44,7,1.0301189999999991,1.0399150000000006,-2.870383999999966,0.0
45,0,1.0027855555555556,1.0042885555555543,-1.521439111111114,0.02597911111111273
45,1,1.0027855555555556,1.0042885555555543,-1.521439111111114,0.012100555555555559
45,2,1.0027855555555556,1.0042885555555543,-1.521439111111114,0.001502999999999588
45,3,1.0039560000000023,1.0054590000000019,-1.5764500000001078,0.0
45,4,1.0228350000000004,1.0303975000000027,-2.5008475000000274,0.0014164999999977113
45,5,1.0301224999999974,1.0377134999999953,-2.858077499999858,0.009046499999996627
45,6,1.0301189999999991,1.0399150000000004,-2.870383999999966,0.0
46,0,1.0027855555555556,1.0042885555555543,-1.521439111111114,0.011582555555555984
46,1,1.0027855555555556,1.0042885555555543,-1.521439111111114,0.0005110000000030368
46,2,1.004043000000003,1.0055170000000022,-1.5805390000001367,0.0015959999999970442
46,3,1.0228079999999977,1.024281999999997,-2.4812589999998877,0.0
46,4,1.0300940000000018,1.0376565000000042,-2.8565385000000987,0.010507499999995673
46,5,1.0301224999999974,1.0384584999999973,-2.861802499999868,0.0
47,0,1.0027855555555556,1.0042885555555543,-1.521439111111114,0.0
47,1,1.004043000000003,1.0055170000000022,-1.5805390000001367,0.000544000000000322
47,2,1.0228660000000005,1.0243206666666655,-2.484043000000021,0.001660666666663868
47,3,1.0300940000000018,1.0376565000000042,-2.8565385000000987,0.009044000000002939
47,4,1.0301224999999974,1.0377134999999953,-2.858077499999858,0.0014770000000012828
48,0,1.004043000000003,1.0055170000000022,-1.5805390000001367,0.0
48,1,1.0228660000000005,1.0243206666666655,-2.484043000000021,0.0005593333333304695
48,2,1.0300940000000018,1.0315486666666682,-2.8382150000000905,0.010804666666667462
48,3,1.0300940000000018,1.0376565000000042,-2.8565385000000987,0.0
49,0,1.0228660000000005,1.0243206666666655,-2.484043000000021,0.0
49,1,1.0301589999999976,1.0315703333333321,-2.8413999999998794,0.009650666666668029
49,2,1.0301589999999976,1.0315703333333321,-2.8413999999998794,0.0018083333333343
50,0,1.0301589999999976,1.0315703333333321,-2.8413999999998794,0.009047999999999945
50,1,1.0301589999999976,1.0315703333333321,-2.8413999999998794,0.0005986666666639717
51,0,1.0301589999999976,1.0315703333333321,-2.8413999999998794,0.0
