0.00000 0.45196 0.47727 0.50291 0.52864 0.55424 0.57955 0.60434 0.62847 0.65182 0.67425 0.69572 0.71618 0.73567 0.75416 0.77180 0.78866 0.80489 0.82065 0.83602 0.85118 0.86632 0.88162 0.89720 0.91323 0.92986 0.94724 0.96552 0.98487 1.00539 1.02753 1.05157 1.07785 1.10726 1.14041 1.17830 1.22183 1.27198 1.32907 1.39290 1.46321 1.53896 1.61928 1.70343 1.79126 1.88415 1.98449 2.09802 2.23762 2.43362 2.76919 3.51368
0.43571 0.46901 0.49723 0.52422 0.55055 0.57624 0.60130 0.62553 0.64887 0.67123 0.69252 0.71274 0.73188 0.75001 0.76713 0.78342 0.79898 0.81397 0.82856 0.84283 0.85697 0.87116 0.88559 0.90036 0.91563 0.93154 0.94823 0.96584 0.98452 1.00438 1.02584 1.04916 1.07472 1.10337 1.13570 1.17271 1.21529 1.26436 1.32024 1.38271 1.45153 1.52567 1.60426 1.68664 1.77270 1.86388 1.96267 2.07462 2.21208 2.40405 2.72965 0.00000
0.46234 0.49268 0.52066 0.54755 0.57361 0.59882 0.62318 0.64651 0.66879 0.68995 0.70996 0.72882 0.74658 0.76334 0.77911 0.79410 0.80843 0.82226 0.83578 0.84905 0.86227 0.87561 0.88925 0.90330 0.91788 0.93314 0.94919 0.96617 0.98423 1.00346 1.02428 1.04695 1.07183 1.09979 1.13138 1.16757 1.20923 1.25726 1.31195 1.37305 1.44038 1.51288 1.58978 1.67047 1.75494 1.84473 1.94228 2.05285 2.18815 2.37545 0.00000 0.00000
0.48901 0.51783 0.54516 0.57149 0.59687 0.62126 0.64463 0.66685 0.68789 0.70773 0.72636 0.74384 0.76021 0.77562 0.79009 0.80386 0.81705 0.82981 0.84236 0.85473 0.86712 0.87971 0.89265 0.90604 0.92000 0.93466 0.95012 0.96652 0.98398 1.00263 1.02285 1.04491 1.06920 1.09652 1.12742 1.16284 1.20362 1.25061 1.30410 1.36382 1.42964 1.50052 1.57580 1.65497 1.73815 1.82686 1.92336 2.03249 2.16492 0.00000 0.00000 0.00000
0.51555 0.54326 0.56979 0.59530 0.61977 0.64309 0.66530 0.68624 0.70594 0.72439 0.74162 0.75771 0.77273 0.78685 0.80010 0.81274 0.82488 0.83667 0.84836 0.85992 0.87159 0.88350 0.89582 0.90861 0.92201 0.93611 0.95102 0.96686 0.98378 1.00189 1.02157 1.04308 1.06682 1.09356 1.12381 1.15849 1.19840 1.24433 1.29659 1.35491 1.41922 1.48857 1.56239 1.64033 1.72252 1.81034 1.90572 2.01269 0.00000 0.00000 0.00000 0.00000
0.54175 0.56846 0.59405 0.61856 0.64192 0.66403 0.68494 0.70451 0.72281 0.73985 0.75569 0.77043 0.78416 0.79707 0.80920 0.82081 0.83200 0.84294 0.85385 0.86471 0.87572 0.88703 0.89879 0.91104 0.92391 0.93749 0.95188 0.96722 0.98363 1.00125 1.02044 1.04146 1.06470 1.09090 1.12053 1.15447 1.19346 1.23830 1.28933 1.34625 1.40913 1.47710 1.54974 1.62675 1.70812 1.79497 1.88850 0.00000 0.00000 0.00000 0.00000 0.00000
0.56741 0.59309 0.61761 0.64097 0.66308 0.68386 0.70340 0.72155 0.73843 0.75408 0.76858 0.78203 0.79456 0.80635 0.81747 0.82814 0.83849 0.84867 0.85889 0.86913 0.87957 0.89033 0.90158 0.91333 0.92571 0.93881 0.95272 0.96759 0.98354 1.00073 1.01948 1.04006 1.06284 1.08851 1.11751 1.15068 1.18874 1.23246 1.28223 1.33783 1.39942 1.46627 1.53803 1.61428 1.69477 1.77993 0.00000 0.00000 0.00000 0.00000 0.00000 0.00000
0.59232 0.61688 0.64023 0.66231 0.68308 0.70246 0.72057 0.73730 0.75278 0.76709 0.78031 0.79257 0.80398 0.81477 0.82497 0.83482 0.84442 0.85393 0.86355 0.87323 0.88316 0.89342 0.90421 0.91550 0.92742 0.94007 0.95355 0.96799 0.98353 1.00035 1.01871 1.03888 1.06121 1.08635 1.11469 1.14704 1.18412 1.22672 1.27531 1.32972 1.39028 1.45631 1.52734 1.60276 1.68166 0.00000 0.00000 0.00000 0.00000 0.00000 0.00000 0.00000
0.61630 0.63966 0.66171 0.68244 0.70179 0.71974 0.73643 0.75176 0.76589 0.77892 0.79095 0.80212 0.81252 0.82241 0.83181 0.84093 0.84988 0.85880 0.86788 0.87707 0.88653 0.89634 0.90669 0.91755 0.92905 0.94129 0.95438 0.96845 0.98363 1.00012 1.01812 1.03790 1.05976 1.08432 1.11196 1.14347 1.17956 1.22109 1.26862 1.32209 1.38190 1.44726 1.51752 1.59141 0.00000 0.00000 0.00000 0.00000 0.00000 0.00000 0.00000 0.00000
0.63920 0.66125 0.68193 0.70124 0.71916 0.73568 0.75096 0.76495 0.77781 0.78965 0.80059 0.81076 0.82027 0.82936 0.83805 0.84654 0.85492 0.86332 0.87192 0.88066 0.88969 0.89908 0.90903 0.91950 0.93062 0.94250 0.95524 0.96898 0.98385 1.00005 1.01770 1.03707 1.05842 1.08237 1.10926 1.13990 1.17505 1.21564 1.26234 1.31515 1.37437 1.43901 1.50779 0.00000 0.00000 0.00000 0.00000 0.00000 0.00000 0.00000 0.00000 0.00000
0.66087 0.68156 0.70081 0.71868 0.73516 0.75028 0.76422 0.77693 0.78861 0.79936 0.80932 0.81860 0.82732 0.83572 0.84379 0.85172 0.85960 0.86754 0.87570 0.88403 0.89267 0.90167 0.91126 0.92137 0.93215 0.94371 0.95616 0.96962 0.98419 1.00011 1.01740 1.03632 1.05711 1.08039 1.10652 1.13633 1.17066 1.21053 1.25668 1.30898 1.36754 1.43077 0.00000 0.00000 0.00000 0.00000 0.00000 0.00000 0.00000 0.00000 0.00000 0.00000
0.68123 0.70049 0.71831 0.73474 0.74982 0.76360 0.77626 0.78779 0.79838 0.80816 0.81723 0.82573 0.83377 0.84155 0.84909 0.85652 0.86396 0.87150 0.87925 0.88721 0.89548 0.90414 0.91339 0.92318 0.93367 0.94497 0.95716 0.97036 0.98465 1.00026 1.01715 1.03557 1.05576 1.07835 1.10374 1.13283 1.16657 1.20598 1.25171 1.30346 1.36068 0.00000 0.00000 0.00000 0.00000 0.00000 0.00000 0.00000 0.00000 0.00000 0.00000 0.00000
0.70021 0.71803 0.73441 0.74943 0.76318 0.77570 0.78717 0.79761 0.80723 0.81613 0.82442 0.83224 0.83968 0.84694 0.85400 0.86101 0.86805 0.87521 0.88260 0.89021 0.89815 0.90649 0.91545 0.92497 0.93522 0.94628 0.95825 0.97119 0.98518 1.00045 1.01688 1.03476 1.05431 1.07624 1.10100 1.12959 1.16297 1.20207 1.24734 1.29783 0.00000 0.00000 0.00000 0.00000 0.00000 0.00000 0.00000 0.00000 0.00000 0.00000 0.00000 0.00000
0.71777 0.73416 0.74914 0.76282 0.77530 0.78665 0.79704 0.80650 0.81525 0.82338 0.83100 0.83822 0.84514 0.85194 0.85858 0.86521 0.87189 0.87871 0.88575 0.89305 0.90070 0.90877 0.91747 0.92678 0.93682 0.94768 0.95942 0.97208 0.98573 1.00060 1.01652 1.03382 1.05277 1.07414 1.09847 1.12680 1.15997 1.19870 1.24281 0.00000 0.00000 0.00000 0.00000 0.00000 0.00000 0.00000 0.00000 0.00000 0.00000 0.00000 0.00000 0.00000
0.73392 0.74892 0.76255 0.77497 0.78628 0.79656 0.80598 0.81457 0.82255 0.83001 0.83703 0.84374 0.85021 0.85661 0.86287 0.86915 0.87550 0.88200 0.88874 0.89576 0.90316 0.91101 0.91950 0.92861 0.93847 0.94913 0.96063 0.97297 0.98623 1.00064 1.01602 1.03276 1.05121 1.07221 1.09636 1.12457 1.15746 1.19513 0.00000 0.00000 0.00000 0.00000 0.00000 0.00000 0.00000 0.00000 0.00000 0.00000 0.00000 0.00000 0.00000 0.00000
0.74870 0.76236 0.77472 0.78597 0.79621 0.80553 0.81408 0.82191 0.82922 0.83609 0.84261 0.84887 0.85494 0.86097 0.86690 0.87285 0.87890 0.88512 0.89159 0.89837 0.90556 0.91323 0.92154 0.93050 0.94018 0.95061 0.96182 0.97380 0.98660 1.00051 1.01538 1.03166 1.04979 1.07068 1.09477 1.12278 1.15472 0.00000 0.00000 0.00000 0.00000 0.00000 0.00000 0.00000 0.00000 0.00000 0.00000 0.00000 0.00000 0.00000 0.00000 0.00000
0.76214 0.77454 0.78574 0.79591 0.80519 0.81365 0.82144 0.82861 0.83535 0.84171 0.84779 0.85365 0.85937 0.86506 0.87068 0.87635 0.88212 0.88809 0.89432 0.90091 0.90794 0.91546 0.92362 0.93242 0.94189 0.95207 0.96293 0.97449 0.98681 1.00023 1.01467 1.03068 1.04874 1.06962 1.09360 1.12074 0.00000 0.00000 0.00000 0.00000 0.00000 0.00000 0.00000 0.00000 0.00000 0.00000 0.00000 0.00000 0.00000 0.00000 0.00000 0.00000
0.77434 0.78556 0.79569 0.80491 0.81332 0.82104 0.82817 0.83476 0.84100 0.84693 0.85261 0.85812 0.86352 0.86891 0.87425 0.87965 0.88518 0.89093 0.89698 0.90341 0.91031 0.91771 0.92573 0.93434 0.94357 0.95342 0.96389 0.97499 0.98684 0.99987 1.01407 1.03004 1.04815 1.06897 1.09214 0.00000 0.00000 0.00000 0.00000 0.00000 0.00000 0.00000 0.00000 0.00000 0.00000 0.00000 0.00000 0.00000 0.00000 0.00000 0.00000 0.00000
0.78537 0.79553 0.80469 0.81305 0.82072 0.82778 0.83434 0.84044 0.84625 0.85179 0.85713 0.86232 0.86742 0.87253 0.87761 0.88278 0.88811 0.89369 0.89959 0.90591 0.91270 0.91998 0.92782 0.93620 0.94513 0.95461 0.96464 0.97530 0.98678 0.99959 1.01379 1.02984 1.04793 1.06800 0.00000 0.00000 0.00000 0.00000 0.00000 0.00000 0.00000 0.00000 0.00000 0.00000 0.00000 0.00000 0.00000 0.00000 0.00000 0.00000 0.00000 0.00000
0.79535 0.80453 0.81285 0.82045 0.82747 0.83396 0.84003 0.84571 0.85113 0.85633 0.86136 0.86627 0.87110 0.87595 0.88082 0.88579 0.89096 0.89640 0.90219 0.90840 0.91509 0.92222 0.92985 0.93795 0.94652 0.95558 0.96520 0.97550 0.98679 0.99962 1.01393 1.03000 1.04738 0.00000 0.00000 0.00000 0.00000 0.00000 0.00000 0.00000 0.00000 0.00000 0.00000 0.00000 0.00000 0.00000 0.00000 0.00000 0.00000 0.00000 0.00000 0.00000
0.80437 0.81269 0.82025 0.82720 0.83366 0.83966 0.84531 0.85062 0.85570 0.86060 0.86534 0.86998 0.87457 0.87921 0.88388 0.88871 0.89375 0.89909 0.90478 0.91090 0.91746 0.92439 0.93176 0.93951 0.94769 0.95635 0.96563 0.97577 0.98709 1.00005 1.01440 1.02981 0.00000 0.00000 0.00000 0.00000 0.00000 0.00000 0.00000 0.00000 0.00000 0.00000 0.00000 0.00000 0.00000 0.00000 0.00000 0.00000 0.00000 0.00000 0.00000 0.00000
0.81254 0.82011 0.82702 0.83340 0.83937 0.84495 0.85022 0.85521 0.85999 0.86460 0.86909 0.87350 0.87787 0.88233 0.88686 0.89157 0.89652 0.90178 0.90738 0.91337 0.91976 0.92644 0.93347 0.94085 0.94864 0.95698 0.96611 0.97630 0.98778 1.00081 1.01452 0.00000 0.00000 0.00000 0.00000 0.00000 0.00000 0.00000 0.00000 0.00000 0.00000 0.00000 0.00000 0.00000 0.00000 0.00000 0.00000 0.00000 0.00000 0.00000 0.00000 0.00000
0.81998 0.82689 0.83323 0.83913 0.84468 0.84988 0.85483 0.85951 0.86402 0.86838 0.87264 0.87684 0.88103 0.88535 0.88978 0.89440 0.89929 0.90447 0.90994 0.91576 0.92191 0.92828 0.93495 0.94195 0.94944 0.95765 0.96686 0.97722 0.98878 1.00119 0.00000 0.00000 0.00000 0.00000 0.00000 0.00000 0.00000 0.00000 0.00000 0.00000 0.00000 0.00000 0.00000 0.00000 0.00000 0.00000 0.00000 0.00000 0.00000 0.00000 0.00000 0.00000
0.82677 0.83311 0.83896 0.84444 0.84962 0.85449 0.85914 0.86356 0.86781 0.87195 0.87601 0.88004 0.88409 0.88832 0.89267 0.89723 0.90205 0.90712 0.91243 0.91801 0.92387 0.92988 0.93619 0.94291 0.95028 0.95858 0.96797 0.97844 0.98940 0.00000 0.00000 0.00000 0.00000 0.00000 0.00000 0.00000 0.00000 0.00000 0.00000 0.00000 0.00000 0.00000 0.00000 0.00000 0.00000 0.00000 0.00000 0.00000 0.00000 0.00000 0.00000 0.00000
0.83301 0.83886 0.84429 0.84940 0.85425 0.85881 0.86320 0.86737 0.87140 0.87534 0.87924 0.88314 0.88709 0.89125 0.89555 0.90005 0.90477 0.90968 0.91477 0.92006 0.92558 0.93125 0.93728 0.94390 0.95137 0.95986 0.96937 0.97926 0.00000 0.00000 0.00000 0.00000 0.00000 0.00000 0.00000 0.00000 0.00000 0.00000 0.00000 0.00000 0.00000 0.00000 0.00000 0.00000 0.00000 0.00000 0.00000 0.00000 0.00000 0.00000 0.00000 0.00000
0.83877 0.84420 0.84926 0.85404 0.85860 0.86287 0.86702 0.87097 0.87480 0.87859 0.88236 0.88617 0.89005 0.89418 0.89841 0.90283 0.90740 0.91210 0.91690 0.92185 0.92705 0.93245 0.93839 0.94512 0.95280 0.96143 0.97037 0.00000 0.00000 0.00000 0.00000 0.00000 0.00000 0.00000 0.00000 0.00000 0.00000 0.00000 0.00000 0.00000 0.00000 0.00000 0.00000 0.00000 0.00000 0.00000 0.00000 0.00000 0.00000 0.00000 0.00000 0.00000
0.84412 0.84917 0.85391 0.85839 0.86268 0.86670 0.87063 0.87438 0.87806 0.88174 0.88542 0.88917 0.89299 0.89708 0.90123 0.90551 0.90988 0.91431 0.91878 0.92340 0.92835 0.93367 0.93973 0.94668 0.95451 0.96258 0.00000 0.00000 0.00000 0.00000 0.00000 0.00000 0.00000 0.00000 0.00000 0.00000 0.00000 0.00000 0.00000 0.00000 0.00000 0.00000 0.00000 0.00000 0.00000 0.00000 0.00000 0.00000 0.00000 0.00000 0.00000 0.00000
0.84911 0.85383 0.85828 0.86249 0.86653 0.87031 0.87406 0.87765 0.88121 0.88481 0.88844 0.89215 0.89592 0.89993 0.90395 0.90803 0.91214 0.91625 0.92041 0.92479 0.92966 0.93511 0.94141 0.94851 0.95580 0.00000 0.00000 0.00000 0.00000 0.00000 0.00000 0.00000 0.00000 0.00000 0.00000 0.00000 0.00000 0.00000 0.00000 0.00000 0.00000 0.00000 0.00000 0.00000 0.00000 0.00000 0.00000 0.00000 0.00000 0.00000 0.00000 0.00000
0.85377 0.85820 0.86238 0.86635 0.87016 0.87375 0.87733 0.88081 0.88429 0.88785 0.89143 0.89510 0.89879 0.90268 0.90652 0.91034 0.91414 0.91794 0.92187 0.92617 0.93118 0.93688 0.94335 0.94992 0.00000 0.00000 0.00000 0.00000 0.00000 0.00000 0.00000 0.00000 0.00000 0.00000 0.00000 0.00000 0.00000 0.00000 0.00000 0.00000 0.00000 0.00000 0.00000 0.00000 0.00000 0.00000 0.00000 0.00000 0.00000 0.00000 0.00000 0.00000
0.85814 0.86230 0.86624 0.86999 0.87361 0.87704 0.88050 0.88390 0.88732 0.89086 0.89441 0.89800 0.90157 0.90528 0.90886 0.91238 0.91587 0.91946 0.92332 0.92778 0.93304 0.93891 0.94486 0.00000 0.00000 0.00000 0.00000 0.00000 0.00000 0.00000 0.00000 0.00000 0.00000 0.00000 0.00000 0.00000 0.00000 0.00000 0.00000 0.00000 0.00000 0.00000 0.00000 0.00000 0.00000 0.00000 0.00000 0.00000 0.00000 0.00000 0.00000 0.00000
0.86224 0.86616 0.86989 0.87345 0.87692 0.88023 0.88360 0.88695 0.89034 0.89385 0.89733 0.90080 0.90419 0.90765 0.91093 0.91416 0.91744 0.92097 0.92499 0.92970 0.93515 0.94051 0.00000 0.00000 0.00000 0.00000 0.00000 0.00000 0.00000 0.00000 0.00000 0.00000 0.00000 0.00000 0.00000 0.00000 0.00000 0.00000 0.00000 0.00000 0.00000 0.00000 0.00000 0.00000 0.00000 0.00000 0.00000 0.00000 0.00000 0.00000 0.00000 0.00000
0.86610 0.86981 0.87335 0.87676 0.88011 0.88335 0.88667 0.88999 0.89333 0.89678 0.90015 0.90344 0.90659 0.90975 0.91275 0.91576 0.91899 0.92268 0.92697 0.93188 0.93682 0.00000 0.00000 0.00000 0.00000 0.00000 0.00000 0.00000 0.00000 0.00000 0.00000 0.00000 0.00000 0.00000 0.00000 0.00000 0.00000 0.00000 0.00000 0.00000 0.00000 0.00000 0.00000 0.00000 0.00000 0.00000 0.00000 0.00000 0.00000 0.00000 0.00000 0.00000
0.86975 0.87327 0.87666 0.87995 0.88323 0.88643 0.88971 0.89300 0.89627 0.89961 0.90280 0.90586 0.90872 0.91160 0.91438 0.91735 0.92075 0.92472 0.92920 0.93362 0.00000 0.00000 0.00000 0.00000 0.00000 0.00000 0.00000 0.00000 0.00000 0.00000 0.00000 0.00000 0.00000 0.00000 0.00000 0.00000 0.00000 0.00000 0.00000 0.00000 0.00000 0.00000 0.00000 0.00000 0.00000 0.00000 0.00000 0.00000 0.00000 0.00000 0.00000 0.00000
0.87321 0.87658 0.87985 0.88307 0.88630 0.88949 0.89274 0.89596 0.89912 0.90229 0.90524 0.90801 0.91059 0.91326 0.91601 0.91915 0.92283 0.92700 0.93100 0.00000 0.00000 0.00000 0.00000 0.00000 0.00000 0.00000 0.00000 0.00000 0.00000 0.00000 0.00000 0.00000 0.00000 0.00000 0.00000 0.00000 0.00000 0.00000 0.00000 0.00000 0.00000 0.00000 0.00000 0.00000 0.00000 0.00000 0.00000 0.00000 0.00000 0.00000 0.00000 0.00000
0.87652 0.87978 0.88298 0.88614 0.88936 0.89252 0.89571 0.89882 0.90180 0.90473 0.90740 0.90990 0.91227 0.91491 0.91783 0.92126 0.92515 0.92884 0.00000 0.00000 0.00000 0.00000 0.00000 0.00000 0.00000 0.00000 0.00000 0.00000 0.00000 0.00000 0.00000 0.00000 0.00000 0.00000 0.00000 0.00000 0.00000 0.00000 0.00000 0.00000 0.00000 0.00000 0.00000 0.00000 0.00000 0.00000 0.00000 0.00000 0.00000 0.00000 0.00000 0.00000
0.87972 0.88291 0.88606 0.88919 0.89239 0.89550 0.89858 0.90151 0.90426 0.90691 0.90930 0.91160 0.91394 0.91676 0.91997 0.92361 0.92702 0.00000 0.00000 0.00000 0.00000 0.00000 0.00000 0.00000 0.00000 0.00000 0.00000 0.00000 0.00000 0.00000 0.00000 0.00000 0.00000 0.00000 0.00000 0.00000 0.00000 0.00000 0.00000 0.00000 0.00000 0.00000 0.00000 0.00000 0.00000 0.00000 0.00000 0.00000 0.00000 0.00000 0.00000 0.00000
0.88285 0.88599 0.88912 0.89221 0.89537 0.89838 0.90128 0.90399 0.90645 0.90882 0.91101 0.91329 0.91581 0.91892 0.92235 0.92552 0.00000 0.00000 0.00000 0.00000 0.00000 0.00000 0.00000 0.00000 0.00000 0.00000 0.00000 0.00000 0.00000 0.00000 0.00000 0.00000 0.00000 0.00000 0.00000 0.00000 0.00000 0.00000 0.00000 0.00000 0.00000 0.00000 0.00000 0.00000 0.00000 0.00000 0.00000 0.00000 0.00000 0.00000 0.00000 0.00000
0.88594 0.88906 0.89216 0.89518 0.89824 0.90109 0.90376 0.90619 0.90837 0.91055 0.91272 0.91518 0.91799 0.92132 0.92428 0.00000 0.00000 0.00000 0.00000 0.00000 0.00000 0.00000 0.00000 0.00000 0.00000 0.00000 0.00000 0.00000 0.00000 0.00000 0.00000 0.00000 0.00000 0.00000 0.00000 0.00000 0.00000 0.00000 0.00000 0.00000 0.00000 0.00000 0.00000 0.00000 0.00000 0.00000 0.00000 0.00000 0.00000 0.00000 0.00000 0.00000
0.88900 0.89209 0.89514 0.89805 0.90094 0.90357 0.90597 0.90812 0.91011 0.91226 0.91462 0.91737 0.92041 0.92327 0.00000 0.00000 0.00000 0.00000 0.00000 0.00000 0.00000 0.00000 0.00000 0.00000 0.00000 0.00000 0.00000 0.00000 0.00000 0.00000 0.00000 0.00000 0.00000 0.00000 0.00000 0.00000 0.00000 0.00000 0.00000 0.00000 0.00000 0.00000 0.00000 0.00000 0.00000 0.00000 0.00000 0.00000 0.00000 0.00000 0.00000 0.00000
0.89204 0.89508 0.89802 0.90075 0.90343 0.90578 0.90790 0.90986 0.91183 0.91417 0.91682 0.91980 0.92238 0.00000 0.00000 0.00000 0.00000 0.00000 0.00000 0.00000 0.00000 0.00000 0.00000 0.00000 0.00000 0.00000 0.00000 0.00000 0.00000 0.00000 0.00000 0.00000 0.00000 0.00000 0.00000 0.00000 0.00000 0.00000 0.00000 0.00000 0.00000 0.00000 0.00000 0.00000 0.00000 0.00000 0.00000 0.00000 0.00000 0.00000 0.00000 0.00000
0.89503 0.89796 0.90073 0.90323 0.90564 0.90772 0.90965 0.91159 0.91375 0.91638 0.91927 0.92179 0.00000 0.00000 0.00000 0.00000 0.00000 0.00000 0.00000 0.00000 0.00000 0.00000 0.00000 0.00000 0.00000 0.00000 0.00000 0.00000 0.00000 0.00000 0.00000 0.00000 0.00000 0.00000 0.00000 0.00000 0.00000 0.00000 0.00000 0.00000 0.00000 0.00000 0.00000 0.00000 0.00000 0.00000 0.00000 0.00000 0.00000 0.00000 0.00000 0.00000
0.89791 0.90067 0.90321 0.90544 0.90758 0.90947 0.91139 0.91352 0.91597 0.91884 0.92126 0.00000 0.00000 0.00000 0.00000 0.00000 0.00000 0.00000 0.00000 0.00000 0.00000 0.00000 0.00000 0.00000 0.00000 0.00000 0.00000 0.00000 0.00000 0.00000 0.00000 0.00000 0.00000 0.00000 0.00000 0.00000 0.00000 0.00000 0.00000 0.00000 0.00000 0.00000 0.00000 0.00000 0.00000 0.00000 0.00000 0.00000 0.00000 0.00000 0.00000 0.00000
0.90062 0.90316 0.90543 0.90738 0.90933 0.91121 0.91331 0.91575 0.91844 0.92084 0.00000 0.00000 0.00000 0.00000 0.00000 0.00000 0.00000 0.00000 0.00000 0.00000 0.00000 0.00000 0.00000 0.00000 0.00000 0.00000 0.00000 0.00000 0.00000 0.00000 0.00000 0.00000 0.00000 0.00000 0.00000 0.00000 0.00000 0.00000 0.00000 0.00000 0.00000 0.00000 0.00000 0.00000 0.00000 0.00000 0.00000 0.00000 0.00000 0.00000 0.00000 0.00000
0.90311 0.90538 0.90738 0.90914 0.91108 0.91314 0.91555 0.91822 0.92045 0.00000 0.00000 0.00000 0.00000 0.00000 0.00000 0.00000 0.00000 0.00000 0.00000 0.00000 0.00000 0.00000 0.00000 0.00000 0.00000 0.00000 0.00000 0.00000 0.00000 0.00000 0.00000 0.00000 0.00000 0.00000 0.00000 0.00000 0.00000 0.00000 0.00000 0.00000 0.00000 0.00000 0.00000 0.00000 0.00000 0.00000 0.00000 0.00000 0.00000 0.00000 0.00000 0.00000
0.90533 0.90732 0.90914 0.91089 0.91301 0.91538 0.91802 0.92023 0.00000 0.00000 0.00000 0.00000 0.00000 0.00000 0.00000 0.00000 0.00000 0.00000 0.00000 0.00000 0.00000 0.00000 0.00000 0.00000 0.00000 0.00000 0.00000 0.00000 0.00000 0.00000 0.00000 0.00000 0.00000 0.00000 0.00000 0.00000 0.00000 0.00000 0.00000 0.00000 0.00000 0.00000 0.00000 0.00000 0.00000 0.00000 0.00000 0.00000 0.00000 0.00000 0.00000 0.00000
0.90728 0.90909 0.91089 0.91283 0.91525 0.91785 0.92004 0.00000 0.00000 0.00000 0.00000 0.00000 0.00000 0.00000 0.00000 0.00000 0.00000 0.00000 0.00000 0.00000 0.00000 0.00000 0.00000 0.00000 0.00000 0.00000 0.00000 0.00000 0.00000 0.00000 0.00000 0.00000 0.00000 0.00000 0.00000 0.00000 0.00000 0.00000 0.00000 0.00000 0.00000 0.00000 0.00000 0.00000 0.00000 0.00000 0.00000 0.00000 0.00000 0.00000 0.00000 0.00000
0.90904 0.91083 0.91283 0.91507 0.91773 0.91988 0.00000 0.00000 0.00000 0.00000 0.00000 0.00000 0.00000 0.00000 0.00000 0.00000 0.00000 0.00000 0.00000 0.00000 0.00000 0.00000 0.00000 0.00000 0.00000 0.00000 0.00000 0.00000 0.00000 0.00000 0.00000 0.00000 0.00000 0.00000 0.00000 0.00000 0.00000 0.00000 0.00000 0.00000 0.00000 0.00000 0.00000 0.00000 0.00000 0.00000 0.00000 0.00000 0.00000 0.00000 0.00000 0.00000
0.91079 0.91278 0.91507 0.91755 0.91976 0.00000 0.00000 0.00000 0.00000 0.00000 0.00000 0.00000 0.00000 0.00000 0.00000 0.00000 0.00000 0.00000 0.00000 0.00000 0.00000 0.00000 0.00000 0.00000 0.00000 0.00000 0.00000 0.00000 0.00000 0.00000 0.00000 0.00000 0.00000 0.00000 0.00000 0.00000 0.00000 0.00000 0.00000 0.00000 0.00000 0.00000 0.00000 0.00000 0.00000 0.00000 0.00000 0.00000 0.00000 0.00000 0.00000 0.00000
0.91273 0.91502 0.91756 0.91958 0.00000 0.00000 0.00000 0.00000 0.00000 0.00000 0.00000 0.00000 0.00000 0.00000 0.00000 0.00000 0.00000 0.00000 0.00000 0.00000 0.00000 0.00000 0.00000 0.00000 0.00000 0.00000 0.00000 0.00000 0.00000 0.00000 0.00000 0.00000 0.00000 0.00000 0.00000 0.00000 0.00000 0.00000 0.00000 0.00000 0.00000 0.00000 0.00000 0.00000 0.00000 0.00000 0.00000 0.00000 0.00000 0.00000 0.00000 0.00000
0.91498 0.91751 0.91959 0.00000 0.00000 0.00000 0.00000 0.00000 0.00000 0.00000 0.00000 0.00000 0.00000 0.00000 0.00000 0.00000 0.00000 0.00000 0.00000 0.00000 0.00000 0.00000 0.00000 0.00000 0.00000 0.00000 0.00000 0.00000 0.00000 0.00000 0.00000 0.00000 0.00000 0.00000 0.00000 0.00000 0.00000 0.00000 0.00000 0.00000 0.00000 0.00000 0.00000 0.00000 0.00000 0.00000 0.00000 0.00000 0.00000 0.00000 0.00000 0.00000
0.91747 0.91954 0.00000 0.00000 0.00000 0.00000 0.00000 0.00000 0.00000 0.00000 0.00000 0.00000 0.00000 0.00000 0.00000 0.00000 0.00000 0.00000 0.00000 0.00000 0.00000 0.00000 0.00000 0.00000 0.00000 0.00000 0.00000 0.00000 0.00000 0.00000 0.00000 0.00000 0.00000 0.00000 0.00000 0.00000 0.00000 0.00000 0.00000 0.00000 0.00000 0.00000 0.00000 0.00000 0.00000 0.00000 0.00000 0.00000 0.00000 0.00000 0.00000 0.00000
0.91950 0.00000 0.00000 0.00000 0.00000 0.00000 0.00000 0.00000 0.00000 0.00000 0.00000 0.00000 0.00000 0.00000 0.00000 0.00000 0.00000 0.00000 0.00000 0.00000 0.00000 0.00000 0.00000 0.00000 0.00000 0.00000 0.00000 0.00000 0.00000 0.00000 0.00000 0.00000 0.00000 0.00000 0.00000 0.00000 0.00000 0.00000 0.00000 0.00000 0.00000 0.00000 0.00000 0.00000 0.00000 0.00000 0.00000 0.00000 0.00000 0.00000 0.00000 0.00000
