<<<<<<< HEAD
0.00000 0.80671 0.77173 0.73755 0.70536 0.67503 0.64633 0.61918 0.59359 0.56914 0.54599 0.52421 0.50373 0.48453 0.46701 0.45110 0.45649 0.46358 0.47256 0.48422 0.49918 0.51824 0.54213 0.57165 0.60799 0.65196 0.70547 0.77059 0.85029 0.94939 1.07440 1.23385 1.43555 1.69030 2.01234 2.42692 2.98695 3.81840 5.26084 8.29453
0.00000 0.73679 0.70173 0.67019 0.64064 0.61262 0.58594 0.56059 0.53666 0.51375 0.49207 0.47169 0.45254 0.43462 0.41830 0.42208 0.42711 0.43388 0.44259 0.45410 0.46908 0.48831 0.51257 0.54278 0.58028 0.62583 0.68164 0.75003 0.83407 0.93894 1.07144 1.24034 1.45373 1.72281 2.06305 2.50225 3.09948 3.99074 5.53332 0.00000
0.00000 0.66706 0.63604 0.60763 0.58061 0.55471 0.52989 0.50624 0.48390 0.46252 0.44232 0.42338 0.40562 0.38904 0.39169 0.39529 0.40021 0.40693 0.41572 0.42751 0.44295 0.46289 0.48820 0.51992 0.55941 0.60764 0.66707 0.74016 0.83031 0.94302 1.08531 1.26624 1.49395 1.78027 2.14196 2.61067 3.25211 4.21112 0.00000 0.00000
0.00000 0.60559 0.57732 0.55110 0.52596 0.50175 0.47851 0.45637 0.43552 0.41560 0.39684 0.37930 0.36292 0.36465 0.36724 0.37084 0.37584 0.38278 0.39200 0.40442 0.42075 0.44194 0.46902 0.50293 0.54532 0.59729 0.66138 0.74047 0.83821 0.96042 1.11440 1.30935 1.55368 1.85978 2.24667 2.74995 3.44117 0.00000 0.00000 0.00000
0.00000 0.54970 0.52344 0.49892 0.47534 0.45263 0.43085 0.41017 0.39076 0.37229 0.35494 0.33881 0.34014 0.34188 0.34454 0.34829 0.35359 0.36104 0.37097 0.38436 0.40205 0.42517 0.45459 0.49147 0.53768 0.59423 0.66398 0.75018 0.85672 0.98981 1.15689 1.36759 1.63045 1.95927 2.37514 2.91722 0.00000 0.00000 0.00000 0.00000
0.00000 0.49783 0.47323 0.45018 0.42805 0.40678 0.38645 0.36722 0.34924 0.33222 0.31630 0.31730 0.31868 0.32053 0.32337 0.32746 0.33331 0.34150 0.35242 0.36722 0.38689 0.41243 0.44492 0.48562 0.53633 0.59828 0.67457 0.76882 0.88522 1.03023 1.21170 1.43956 1.72332 2.07776 2.52581 0.00000 0.00000 0.00000 0.00000 0.00000
0.00000 0.44921 0.42613 0.40449 0.38380 0.36399 0.34512 0.32734 0.31081 0.29522 0.29588 0.29695 0.29846 0.30051 0.30369 0.30834 0.31494 0.32411 0.33640 0.35319 0.37529 0.40394 0.44029 0.48539 0.54133 0.60939 0.69297 0.79611 0.92318 1.08113 1.27805 1.52510 1.83213 2.21463 0.00000 0.00000 0.00000 0.00000 0.00000 0.00000
0.00000 0.40354 0.38196 0.36175 0.34253 0.32420 0.30680 0.29048 0.27537 0.27584 0.27655 0.27775 0.27947 0.28186 0.28558 0.29095 0.29849 0.30900 0.32324 0.34242 0.36759 0.40011 0.44084 0.49097 0.55273 0.62750 0.71909 0.83175 0.97037 1.14212 1.35627 1.62464 1.95686 0.00000 0.00000 0.00000 0.00000 0.00000 0.00000 0.00000
0.00000 0.36077 0.34072 0.32197 0.30424 0.28739 0.27146 0.25660 0.25699 0.25751 0.25835 0.25973 0.26178 0.26471 0.26910 0.27535 0.28417 0.29656 0.31311 0.33529 0.36428 0.40114 0.44681 0.50249 0.57057 0.65264 0.75273 0.87566 1.02655 1.21381 1.44711 1.73845 0.00000 0.00000 0.00000 0.00000 0.00000 0.00000 0.00000 0.00000
0.00000 0.32096 0.30246 0.28519 0.26896 0.25358 0.23909 0.23922 0.23966 0.24029 0.24129 0.24298 0.24556 0.24912 0.25431 0.26174 0.27236 0.28695 0.30640 0.33234 0.36555 0.40728 0.45835 0.51999 0.59489 0.68462 0.79385 0.92765 1.09249 1.29708 1.55093 0.00000 0.00000 0.00000 0.00000 0.00000 0.00000 0.00000 0.00000 0.00000
0.00000 0.28417 0.26721 0.25143 0.23666 0.22271 0.22273 0.22287 0.22340 0.22419 0.22547 0.22767 0.23086 0.23513 0.24139 0.25051 0.26320 0.28057 0.30369 0.33374 0.37168 0.41870 0.47552 0.54354 0.62552 0.72343 0.84220 0.98855 1.16915 1.39227 0.00000 0.00000 0.00000 0.00000 0.00000 0.00000 0.00000 0.00000 0.00000 0.00000
0.00000 0.25040 0.23498 0.22063 0.20727 0.20736 0.20736 0.20757 0.20822 0.20929 0.21106 0.21383 0.21767 0.22288 0.23074 0.24177 0.25708 0.27803 0.30511 0.33975 0.38278 0.43543 0.49841 0.57294 0.66243 0.76870 0.89867 1.05942 1.25674 0.00000 0.00000 0.00000 0.00000 0.00000 0.00000 0.00000 0.00000 0.00000 0.00000 0.00000
0.00000 0.21962 0.20568 0.19272 0.19290 0.19297 0.19301 0.19328 0.19418 0.19580 0.19808 0.20142 0.20613 0.21283 0.22239 0.23586 0.25465 0.27942 0.31093 0.35050 0.39889 0.45761 0.52682 0.60814 0.70515 0.82140 0.96440 1.14027 0.00000 0.00000 0.00000 0.00000 0.00000 0.00000 0.00000 0.00000 0.00000 0.00000 0.00000 0.00000
0.00000 0.19174 0.17920 0.17929 0.17946 0.17959 0.17960 0.18003 0.18150 0.18372 0.18643 0.19051 0.19676 0.20487 0.21663 0.23351 0.25596 0.28503 0.32126 0.36597 0.42016 0.48506 0.56082 0.64835 0.75472 0.88279 1.03892 0.00000 0.00000 0.00000 0.00000 0.00000 0.00000 0.00000 0.00000 0.00000 0.00000 0.00000 0.00000 0.00000
0.00000 0.16661 0.16673 0.16674 0.16701 0.16713 0.16710 0.16809 0.17024 0.17297 0.17600 0.18178 0.18940 0.19916 0.21437 0.23471 0.26130 0.29500 0.33599 0.38644 0.44627 0.51818 0.59922 0.69445 0.81317 0.95147 0.00000 0.00000 0.00000 0.00000 0.00000 0.00000 0.00000 0.00000 0.00000 0.00000 0.00000 0.00000 0.00000 0.00000
0.00000 0.00000 0.00000 0.00000 0.00000 0.00000 0.00000 0.00000 0.00000 0.00000 0.00000 0.00000 0.00000 0.00000 0.00000 0.00000 0.00000 0.00000 0.00000 0.00000 0.00000 0.00000 0.00000 0.00000 0.00000 0.00000 0.00000 0.00000 0.00000 0.00000 0.00000 0.00000 0.00000 0.00000 0.00000 0.00000 0.00000 0.00000 0.00000 0.00000
0.00000 0.00000 0.00000 0.00000 0.00000 0.00000 0.00000 0.00000 0.00000 0.00000 0.00000 0.00000 0.00000 0.00000 0.00000 0.00000 0.00000 0.00000 0.00000 0.00000 0.00000 0.00000 0.00000 0.00000 0.00000 0.00000 0.00000 0.00000 0.00000 0.00000 0.00000 0.00000 0.00000 0.00000 0.00000 0.00000 0.00000 0.00000 0.00000 0.00000
0.00000 0.00000 0.00000 0.00000 0.00000 0.00000 0.00000 0.00000 0.00000 0.00000 0.00000 0.00000 0.00000 0.00000 0.00000 0.00000 0.00000 0.00000 0.00000 0.00000 0.00000 0.00000 0.00000 0.00000 0.00000 0.00000 0.00000 0.00000 0.00000 0.00000 0.00000 0.00000 0.00000 0.00000 0.00000 0.00000 0.00000 0.00000 0.00000 0.00000
0.00000 0.00000 0.00000 0.00000 0.00000 0.00000 0.00000 0.00000 0.00000 0.00000 0.00000 0.00000 0.00000 0.00000 0.00000 0.00000 0.00000 0.00000 0.00000 0.00000 0.00000 0.00000 0.00000 0.00000 0.00000 0.00000 0.00000 0.00000 0.00000 0.00000 0.00000 0.00000 0.00000 0.00000 0.00000 0.00000 0.00000 0.00000 0.00000 0.00000
0.00000 0.00000 0.00000 0.00000 0.00000 0.00000 0.00000 0.00000 0.00000 0.00000 0.00000 0.00000 0.00000 0.00000 0.00000 0.00000 0.00000 0.00000 0.00000 0.00000 0.00000 0.00000 0.00000 0.00000 0.00000 0.00000 0.00000 0.00000 0.00000 0.00000 0.00000 0.00000 0.00000 0.00000 0.00000 0.00000 0.00000 0.00000 0.00000 0.00000
0.00000 0.00000 0.00000 0.00000 0.00000 0.00000 0.00000 0.00000 0.00000 0.00000 0.00000 0.00000 0.00000 0.00000 0.00000 0.00000 0.00000 0.00000 0.00000 0.00000 0.00000 0.00000 0.00000 0.00000 0.00000 0.00000 0.00000 0.00000 0.00000 0.00000 0.00000 0.00000 0.00000 0.00000 0.00000 0.00000 0.00000 0.00000 0.00000 0.00000
0.00000 0.00000 0.00000 0.00000 0.00000 0.00000 0.00000 0.00000 0.00000 0.00000 0.00000 0.00000 0.00000 0.00000 0.00000 0.00000 0.00000 0.00000 0.00000 0.00000 0.00000 0.00000 0.00000 0.00000 0.00000 0.00000 0.00000 0.00000 0.00000 0.00000 0.00000 0.00000 0.00000 0.00000 0.00000 0.00000 0.00000 0.00000 0.00000 0.00000
0.00000 0.00000 0.00000 0.00000 0.00000 0.00000 0.00000 0.00000 0.00000 0.00000 0.00000 0.00000 0.00000 0.00000 0.00000 0.00000 0.00000 0.00000 0.00000 0.00000 0.00000 0.00000 0.00000 0.00000 0.00000 0.00000 0.00000 0.00000 0.00000 0.00000 0.00000 0.00000 0.00000 0.00000 0.00000 0.00000 0.00000 0.00000 0.00000 0.00000
0.00000 0.00000 0.00000 0.00000 0.00000 0.00000 0.00000 0.00000 0.00000 0.00000 0.00000 0.00000 0.00000 0.00000 0.00000 0.00000 0.00000 0.00000 0.00000 0.00000 0.00000 0.00000 0.00000 0.00000 0.00000 0.00000 0.00000 0.00000 0.00000 0.00000 0.00000 0.00000 0.00000 0.00000 0.00000 0.00000 0.00000 0.00000 0.00000 0.00000
0.00000 0.00000 0.00000 0.00000 0.00000 0.00000 0.00000 0.00000 0.00000 0.00000 0.00000 0.00000 0.00000 0.00000 0.00000 0.00000 0.00000 0.00000 0.00000 0.00000 0.00000 0.00000 0.00000 0.00000 0.00000 0.00000 0.00000 0.00000 0.00000 0.00000 0.00000 0.00000 0.00000 0.00000 0.00000 0.00000 0.00000 0.00000 0.00000 0.00000
0.00000 0.00000 0.00000 0.00000 0.00000 0.00000 0.00000 0.00000 0.00000 0.00000 0.00000 0.00000 0.00000 0.00000 0.00000 0.00000 0.00000 0.00000 0.00000 0.00000 0.00000 0.00000 0.00000 0.00000 0.00000 0.00000 0.00000 0.00000 0.00000 0.00000 0.00000 0.00000 0.00000 0.00000 0.00000 0.00000 0.00000 0.00000 0.00000 0.00000
0.00000 0.00000 0.00000 0.00000 0.00000 0.00000 0.00000 0.00000 0.00000 0.00000 0.00000 0.00000 0.00000 0.00000 0.00000 0.00000 0.00000 0.00000 0.00000 0.00000 0.00000 0.00000 0.00000 0.00000 0.00000 0.00000 0.00000 0.00000 0.00000 0.00000 0.00000 0.00000 0.00000 0.00000 0.00000 0.00000 0.00000 0.00000 0.00000 0.00000
0.00000 0.00000 0.00000 0.00000 0.00000 0.00000 0.00000 0.00000 0.00000 0.00000 0.00000 0.00000 0.00000 0.00000 0.00000 0.00000 0.00000 0.00000 0.00000 0.00000 0.00000 0.00000 0.00000 0.00000 0.00000 0.00000 0.00000 0.00000 0.00000 0.00000 0.00000 0.00000 0.00000 0.00000 0.00000 0.00000 0.00000 0.00000 0.00000 0.00000
0.00000 0.00000 0.00000 0.00000 0.00000 0.00000 0.00000 0.00000 0.00000 0.00000 0.00000 0.00000 0.00000 0.00000 0.00000 0.00000 0.00000 0.00000 0.00000 0.00000 0.00000 0.00000 0.00000 0.00000 0.00000 0.00000 0.00000 0.00000 0.00000 0.00000 0.00000 0.00000 0.00000 0.00000 0.00000 0.00000 0.00000 0.00000 0.00000 0.00000
0.00000 0.00000 0.00000 0.00000 0.00000 0.00000 0.00000 0.00000 0.00000 0.00000 0.00000 0.00000 0.00000 0.00000 0.00000 0.00000 0.00000 0.00000 0.00000 0.00000 0.00000 0.00000 0.00000 0.00000 0.00000 0.00000 0.00000 0.00000 0.00000 0.00000 0.00000 0.00000 0.00000 0.00000 0.00000 0.00000 0.00000 0.00000 0.00000 0.00000
0.00000 0.00000 0.00000 0.00000 0.00000 0.00000 0.00000 0.00000 0.00000 0.00000 0.00000 0.00000 0.00000 0.00000 0.00000 0.00000 0.00000 0.00000 0.00000 0.00000 0.00000 0.00000 0.00000 0.00000 0.00000 0.00000 0.00000 0.00000 0.00000 0.00000 0.00000 0.00000 0.00000 0.00000 0.00000 0.00000 0.00000 0.00000 0.00000 0.00000
0.00000 0.00000 0.00000 0.00000 0.00000 0.00000 0.00000 0.00000 0.00000 0.00000 0.00000 0.00000 0.00000 0.00000 0.00000 0.00000 0.00000 0.00000 0.00000 0.00000 0.00000 0.00000 0.00000 0.00000 0.00000 0.00000 0.00000 0.00000 0.00000 0.00000 0.00000 0.00000 0.00000 0.00000 0.00000 0.00000 0.00000 0.00000 0.00000 0.00000
=======
0.00000 1.73241 1.74448 1.75719 1.77211 1.78755 1.80276 1.81768 1.83231 1.84564 1.85787 1.86915 1.87937 1.88831 1.89740 1.90630 1.91520 1.92454 1.93363 1.94331 1.95385 1.96581 1.97958 1.99598 2.01667 2.04254 2.07649 2.12058 2.17737 2.25045 2.34397 2.46292 2.61021 2.85666 3.16823 3.58084 4.17529 5.13295 6.84561 10.16871
0.00000 1.73423 1.74665 1.76294 1.77996 1.79632 1.81162 1.82605 1.83981 1.85210 1.86326 1.87352 1.88283 1.89096 1.89927 1.90739 1.91544 1.92379 1.93171 1.94001 1.94895 1.95910 1.97087 1.98508 2.00343 2.02686 2.05831 2.09990 2.15422 2.22492 2.31617 2.43302 2.63692 2.89068 3.21192 3.63756 4.25139 5.23969 7.00221 0.00000
0.00000 1.73731 1.75492 1.77337 1.79106 1.80719 1.82168 1.83496 1.84747 1.85850 1.86851 1.87777 1.88619 1.89348 1.90097 1.90819 1.91520 1.92233 1.92881 1.93546 1.94253 1.95061 1.96012 1.97194 1.98780 2.00869 2.03760 2.07671 2.12865 2.19711 2.28631 2.45590 2.66614 2.92821 3.26032 3.70143 4.33847 5.36196 0.00000 0.00000
0.00000 1.75088 1.76909 1.78720 1.80394 1.81871 1.83163 1.84333 1.85436 1.86407 1.87295 1.88123 1.88876 1.89516 1.90169 1.90781 1.91353 1.91917 1.92392 1.92862 1.93354 1.93929 1.94633 1.95558 1.96883 1.98711 2.01348 2.05015 2.09980 2.16617 2.30487 2.47983 2.69717 2.96854 3.31374 3.77412 4.43937 0.00000 0.00000 0.00000
0.00000 1.76556 1.78288 1.79968 1.81478 1.82777 1.83897 1.84909 1.85876 1.86733 1.87523 1.88262 1.88926 1.89470 1.90012 1.90494 1.90912 1.91300 1.91575 1.91824 1.92077 1.92398 1.92839 1.93496 1.94554 1.96122 1.98509 2.01943 2.06695 2.18024 2.32333 2.50434 2.72967 3.01254 3.37487 3.86012 0.00000 0.00000 0.00000 0.00000
0.00000 1.77830 1.79401 1.80900 1.82219 1.83339 1.84298 1.85175 1.86032 1.86797 1.87503 1.88158 1.88729 1.89162 1.89572 1.89898 1.90137 1.90321 1.90369 1.90373 1.90366 1.90418 1.90585 1.90970 1.91763 1.93076 1.95225 1.98441 2.07687 2.19372 2.34183 2.52971 2.76534 3.06398 3.44953 0.00000 0.00000 0.00000 0.00000 0.00000
0.00000 1.78763 1.80139 1.81439 1.82578 1.83541 1.84372 1.85146 1.85919 1.86606 1.87234 1.87800 1.88263 1.88563 1.88816 1.88958 1.88988 1.88941 1.88738 1.88477 1.88194 1.87966 1.87856 1.87969 1.88504 1.89574 1.91503 1.99065 2.08595 2.20696 2.36092 2.55803 2.80846 3.12938 0.00000 0.00000 0.00000 0.00000 0.00000 0.00000
0.00000 1.79290 1.80457 1.81584 1.82575 1.83421 1.84160 1.84858 1.85566 1.86181 1.86724 1.87183 1.87514 1.87652 1.87717 1.87645 1.87437 1.87135 1.86660 1.86116 1.85548 1.85036 1.84650 1.84501 1.84792 1.85637 1.91805 1.99594 2.09467 2.22066 2.38290 2.59389 2.86598 0.00000 0.00000 0.00000 0.00000 0.00000 0.00000 0.00000
0.00000 1.79398 1.80393 1.81387 1.82275 1.83044 1.83721 1.84361 1.85005 1.85539 1.85976 1.86302 1.86469 1.86411 1.86256 1.85939 1.85466 1.84886 1.84120 1.83285 1.82427 1.81635 1.80982 1.80585 1.80650 1.85663 1.92008 2.00082 2.10381 2.23727 2.41264 2.64461 0.00000 0.00000 0.00000 0.00000 0.00000 0.00000 0.00000 0.00000
0.00000 1.79172 1.80031 1.80940 1.81766 1.82485 1.83111 1.83690 1.84259 1.84686 1.84984 1.85141 1.85108 1.84819 1.84410 1.83819 1.83057 1.82181 1.81115 1.79983 1.78839 1.77776 1.76873 1.76247 1.80447 1.85593 1.92171 2.00613 2.11594 2.26188 2.45769 0.00000 0.00000 0.00000 0.00000 0.00000 0.00000 0.00000 0.00000 0.00000
0.00000 1.78699 1.79471 1.80333 1.81122 1.81798 1.82366 1.82863 1.83325 1.83607 1.83727 1.83674 1.83402 1.82845 1.82151 1.81261 1.80192 1.79009 1.77639 1.76215 1.74796 1.73479 1.72346 1.75841 1.80145 1.85480 1.92376 2.01450 2.13631 2.30226 0.00000 0.00000 0.00000 0.00000 0.00000 0.00000 0.00000 0.00000 0.00000 0.00000
0.00000 1.78083 1.78802 1.79634 1.80385 1.81002 1.81483 1.81860 1.82173 1.82264 1.82162 1.81858 1.81309 1.80454 1.79449 1.78241 1.76854 1.75361 1.73691 1.71987 1.70310 1.68763 1.71764 1.75332 1.79798 1.85407 1.92893 2.03136 2.17287 0.00000 0.00000 0.00000 0.00000 0.00000 0.00000 0.00000 0.00000 0.00000 0.00000 0.00000
0.00000 1.77395 1.78066 1.78861 1.79551 1.80074 1.80425 1.80632 1.80746 1.80600 1.80230 1.79637 1.78777 1.77598 1.76264 1.74728 1.73022 1.71224 1.69269 1.67304 1.65396 1.68010 1.71067 1.74767 1.79481 1.85648 1.94279 2.06483 0.00000 0.00000 0.00000 0.00000 0.00000 0.00000 0.00000 0.00000 0.00000 0.00000 0.00000 0.00000
0.00000 1.76655 1.77266 1.77991 1.78576 1.78955 1.79120 1.79104 1.78968 1.78539 1.77862 1.76946 1.75751 1.74232 1.72561 1.70697 1.68680 1.66594 1.64374 1.62177 1.64474 1.67127 1.70298 1.74216 1.79475 1.86777 1.97371 0.00000 0.00000 0.00000 0.00000 0.00000 0.00000 0.00000 0.00000 0.00000 0.00000 0.00000 0.00000 0.00000
0.00000 1.75827 1.76345 1.76949 1.77376 1.77554 1.77477 1.77184 1.76750 1.75999 1.74982 1.73721 1.72176 1.70311 1.68306 1.66127 1.63818 1.61467 1.59013 1.61077 1.63397 1.66149 1.69526 1.73970 1.80377 1.89661 0.00000 0.00000 0.00000 0.00000 0.00000 0.00000 0.00000 0.00000 0.00000 0.00000 0.00000 0.00000 0.00000 0.00000
0.00000 1.74840 1.75213 1.75639 1.75846 1.75764 1.75393 1.74778 1.74007 1.72902 1.71525 1.69905 1.68008 1.65805 1.63479 1.61007 1.58435 1.55853 1.57722 1.59798 1.62204 1.65147 1.69051 1.74652 1.83089 0.00000 0.00000 0.00000 0.00000 0.00000 0.00000 0.00000 0.00000 0.00000 0.00000 0.00000 0.00000 0.00000 0.00000 0.00000
0.00000 1.73584 1.73760 1.73941 1.73874 1.73482 1.72771 1.71798 1.70660 1.69183 1.67435 1.65457 1.63219 1.60695 1.58076 1.55343 1.52545 1.54360 1.56227 1.58378 1.60965 1.64432 1.69527 1.77207 0.00000 0.00000 0.00000 0.00000 0.00000 0.00000 0.00000 0.00000 0.00000 0.00000 0.00000 0.00000 0.00000 0.00000 0.00000 0.00000
0.00000 1.71946 1.71860 1.71741 1.71352 1.70610 1.69523 1.68167 1.66648 1.64792 1.62678 1.60355 1.57798 1.54985 1.52109 1.49155 1.50829 1.52639 1.54570 1.56893 1.60011 1.64693 1.71950 0.00000 0.00000 0.00000 0.00000 0.00000 0.00000 0.00000 0.00000 0.00000 0.00000 0.00000 0.00000 0.00000 0.00000 0.00000 0.00000 0.00000
0.00000 1.69798 1.69403 1.68941 1.68193 1.67067 1.65584 1.63835 1.61930 1.59705 1.57243 1.54602 1.51761 1.48699 1.45610 1.47205 1.48866 1.50738 1.52831 1.55691 1.60066 1.66980 0.00000 0.00000 0.00000 0.00000 0.00000 0.00000 0.00000 0.00000 0.00000 0.00000 0.00000 0.00000 0.00000 0.00000 0.00000 0.00000 0.00000 0.00000
0.00000 1.67043 1.66301 1.65459 1.64325 1.62799 1.60913 1.58774 1.56496 1.53924 1.51145 1.48224 1.45142 1.41880 1.43418 1.44993 1.46709 1.48743 1.51377 1.55536 1.62237 0.00000 0.00000 0.00000 0.00000 0.00000 0.00000 0.00000 0.00000 0.00000 0.00000 0.00000 0.00000 0.00000 0.00000 0.00000 0.00000 0.00000 0.00000 0.00000
0.00000 1.63610 1.62485 1.61239 1.59705 1.57775 1.55494 1.52984 1.50361 1.47478 1.44425 1.41271 1.38000 1.39443 1.40953 1.42578 1.44451 1.47039 1.51010 1.57589 0.00000 0.00000 0.00000 0.00000 0.00000 0.00000 0.00000 0.00000 0.00000 0.00000 0.00000 0.00000 0.00000 0.00000 0.00000 0.00000 0.00000 0.00000 0.00000 0.00000
0.00000 1.59435 1.57912 1.56252 1.54317 1.51997 1.49344 1.46494 1.43566 1.40420 1.37146 1.33814 1.35322 1.36730 1.38285 1.40060 1.42495 1.46467 1.52948 0.00000 0.00000 0.00000 0.00000 0.00000 0.00000 0.00000 0.00000 0.00000 0.00000 0.00000 0.00000 0.00000 0.00000 0.00000 0.00000 0.00000 0.00000 0.00000 0.00000 0.00000
0.00000 1.54487 1.52566 1.50498 1.48178 1.45494 1.42509 1.39365 1.36182 1.32828 1.29391 1.30897 1.32370 1.33818 1.35517 1.37861 1.41717 1.48299 0.00000 0.00000 0.00000 0.00000 0.00000 0.00000 0.00000 0.00000 0.00000 0.00000 0.00000 0.00000 0.00000 0.00000 0.00000 0.00000 0.00000 0.00000 0.00000 0.00000 0.00000 0.00000
0.00000 1.48772 1.46469 1.44010 1.41337 1.38331 1.35062 1.31678 1.28300 1.24800 1.26248 1.27714 1.29233 1.30815 1.33088 1.36888 1.43436 0.00000 0.00000 0.00000 0.00000 0.00000 0.00000 0.00000 0.00000 0.00000 0.00000 0.00000 0.00000 0.00000 0.00000 0.00000 0.00000 0.00000 0.00000 0.00000 0.00000 0.00000 0.00000 0.00000
0.00000 1.42321 1.39664 1.36852 1.33869 1.30595 1.27100 1.23541 1.20030 1.21457 1.22853 1.24364 1.26018 1.28177 1.31935 1.38505 0.00000 0.00000 0.00000 0.00000 0.00000 0.00000 0.00000 0.00000 0.00000 0.00000 0.00000 0.00000 0.00000 0.00000 0.00000 0.00000 0.00000 0.00000 0.00000 0.00000 0.00000 0.00000 0.00000 0.00000
0.00000 1.35196 1.32230 1.29117 1.25880 1.22399 1.18744 1.15074 1.16511 1.17879 1.19313 1.20952 1.23199 1.26866 1.33459 0.00000 0.00000 0.00000 0.00000 0.00000 0.00000 0.00000 0.00000 0.00000 0.00000 0.00000 0.00000 0.00000 0.00000 0.00000 0.00000 0.00000 0.00000 0.00000 0.00000 0.00000 0.00000 0.00000 0.00000 0.00000
0.00000 1.27492 1.24273 1.20919 1.17493 1.13872 1.10123 1.11410 1.12779 1.14184 1.15729 1.17964 1.21761 1.28313 0.00000 0.00000 0.00000 0.00000 0.00000 0.00000 0.00000 0.00000 0.00000 0.00000 0.00000 0.00000 0.00000 0.00000 0.00000 0.00000 0.00000 0.00000 0.00000 0.00000 0.00000 0.00000 0.00000 0.00000 0.00000 0.00000
0.00000 1.19329 1.15918 1.12390 1.08841 1.05150 1.06367 1.07555 1.08960 1.10462 1.12596 1.16407 1.23158 0.00000 0.00000 0.00000 0.00000 0.00000 0.00000 0.00000 0.00000 0.00000 0.00000 0.00000 0.00000 0.00000 0.00000 0.00000 0.00000 0.00000 0.00000 0.00000 0.00000 0.00000 0.00000 0.00000 0.00000 0.00000 0.00000 0.00000
0.00000 1.10835 1.07300 1.03670 1.00068 1.01365 1.02452 1.03644 1.05128 1.07213 1.10944 1.17744 0.00000 0.00000 0.00000 0.00000 0.00000 0.00000 0.00000 0.00000 0.00000 0.00000 0.00000 0.00000 0.00000 0.00000 0.00000 0.00000 0.00000 0.00000 0.00000 0.00000 0.00000 0.00000 0.00000 0.00000 0.00000 0.00000 0.00000 0.00000
0.00000 1.02157 0.98567 0.94901 0.96279 0.97456 0.98520 0.99711 1.01790 1.05490 1.12231 0.00000 0.00000 0.00000 0.00000 0.00000 0.00000 0.00000 0.00000 0.00000 0.00000 0.00000 0.00000 0.00000 0.00000 0.00000 0.00000 0.00000 0.00000 0.00000 0.00000 0.00000 0.00000 0.00000 0.00000 0.00000 0.00000 0.00000 0.00000 0.00000
0.00000 0.93439 0.89855 0.91123 0.92392 0.93605 0.94557 0.96250 1.00050 1.06749 0.00000 0.00000 0.00000 0.00000 0.00000 0.00000 0.00000 0.00000 0.00000 0.00000 0.00000 0.00000 0.00000 0.00000 0.00000 0.00000 0.00000 0.00000 0.00000 0.00000 0.00000 0.00000 0.00000 0.00000 0.00000 0.00000 0.00000 0.00000 0.00000 0.00000
0.00000 0.84815 0.86191 0.87216 0.88673 0.89730 0.90999 0.94401 1.01417 0.00000 0.00000 0.00000 0.00000 0.00000 0.00000 0.00000 0.00000 0.00000 0.00000 0.00000 0.00000 0.00000 0.00000 0.00000 0.00000 0.00000 0.00000 0.00000 0.00000 0.00000 0.00000 0.00000 0.00000 0.00000 0.00000 0.00000 0.00000 0.00000 0.00000 0.00000
>>>>>>> 00fd3ba (upload project)
0.00000 0.00000 0.00000 0.00000 0.00000 0.00000 0.00000 0.00000 0.00000 0.00000 0.00000 0.00000 0.00000 0.00000 0.00000 0.00000 0.00000 0.00000 0.00000 0.00000 0.00000 0.00000 0.00000 0.00000 0.00000 0.00000 0.00000 0.00000 0.00000 0.00000 0.00000 0.00000 0.00000 0.00000 0.00000 0.00000 0.00000 0.00000 0.00000 0.00000
0.00000 0.00000 0.00000 0.00000 0.00000 0.00000 0.00000 0.00000 0.00000 0.00000 0.00000 0.00000 0.00000 0.00000 0.00000 0.00000 0.00000 0.00000 0.00000 0.00000 0.00000 0.00000 0.00000 0.00000 0.00000 0.00000 0.00000 0.00000 0.00000 0.00000 0.00000 0.00000 0.00000 0.00000 0.00000 0.00000 0.00000 0.00000 0.00000 0.00000
0.00000 0.00000 0.00000 0.00000 0.00000 0.00000 0.00000 0.00000 0.00000 0.00000 0.00000 0.00000 0.00000 0.00000 0.00000 0.00000 0.00000 0.00000 0.00000 0.00000 0.00000 0.00000 0.00000 0.00000 0.00000 0.00000 0.00000 0.00000 0.00000 0.00000 0.00000 0.00000 0.00000 0.00000 0.00000 0.00000 0.00000 0.00000 0.00000 0.00000
0.00000 0.00000 0.00000 0.00000 0.00000 0.00000 0.00000 0.00000 0.00000 0.00000 0.00000 0.00000 0.00000 0.00000 0.00000 0.00000 0.00000 0.00000 0.00000 0.00000 0.00000 0.00000 0.00000 0.00000 0.00000 0.00000 0.00000 0.00000 0.00000 0.00000 0.00000 0.00000 0.00000 0.00000 0.00000 0.00000 0.00000 0.00000 0.00000 0.00000
0.00000 0.00000 0.00000 0.00000 0.00000 0.00000 0.00000 0.00000 0.00000 0.00000 0.00000 0.00000 0.00000 0.00000 0.00000 0.00000 0.00000 0.00000 0.00000 0.00000 0.00000 0.00000 0.00000 0.00000 0.00000 0.00000 0.00000 0.00000 0.00000 0.00000 0.00000 0.00000 0.00000 0.00000 0.00000 0.00000 0.00000 0.00000 0.00000 0.00000
0.00000 0.00000 0.00000 0.00000 0.00000 0.00000 0.00000 0.00000 0.00000 0.00000 0.00000 0.00000 0.00000 0.00000 0.00000 0.00000 0.00000 0.00000 0.00000 0.00000 0.00000 0.00000 0.00000 0.00000 0.00000 0.00000 0.00000 0.00000 0.00000 0.00000 0.00000 0.00000 0.00000 0.00000 0.00000 0.00000 0.00000 0.00000 0.00000 0.00000
0.00000 0.00000 0.00000 0.00000 0.00000 0.00000 0.00000 0.00000 0.00000 0.00000 0.00000 0.00000 0.00000 0.00000 0.00000 0.00000 0.00000 0.00000 0.00000 0.00000 0.00000 0.00000 0.00000 0.00000 0.00000 0.00000 0.00000 0.00000 0.00000 0.00000 0.00000 0.00000 0.00000 0.00000 0.00000 0.00000 0.00000 0.00000 0.00000 0.00000
0.00000 0.00000 0.00000 0.00000 0.00000 0.00000 0.00000 0.00000 0.00000 0.00000 0.00000 0.00000 0.00000 0.00000 0.00000 0.00000 0.00000 0.00000 0.00000 0.00000 0.00000 0.00000 0.00000 0.00000 0.00000 0.00000 0.00000 0.00000 0.00000 0.00000 0.00000 0.00000 0.00000 0.00000 0.00000 0.00000 0.00000 0.00000 0.00000 0.00000
