<<<<<<< HEAD
0.45178 0.39398 0.35310 0.32419 0.30440 0.29201 0.28594 0.28548 0.29015 0.29956 0.31337 0.33138 0.35365 0.38100 0.41579 0.46286 0.53050 0.63183 0.78709 1.02657 1.39346
0.36412 0.31168 0.27714 0.25456 0.24080 0.23404 0.23322 0.23766 0.24688 0.26054 0.27834 0.30009 0.32592 0.35679 0.39522 0.44635 0.51877 0.62598 0.78879 1.03809 0.00000
0.27011 0.22755 0.20292 0.18948 0.18398 0.18470 0.19067 0.20132 0.21623 0.23509 0.25765 0.28379 0.31380 0.34885 0.39182 0.44816 0.52667 0.64103 0.81222 0.00000 0.00000
0.18632 0.15781 0.14597 0.14363 0.14782 0.15711 0.17077 0.18834 0.20949 0.23397 0.26158 0.29232 0.32670 0.36627 0.41432 0.47658 0.56184 0.68355 0.00000 0.00000 0.00000
0.11596 0.10889 0.11329 0.12373 0.13849 0.15685 0.17845 0.20304 0.23041 0.26036 0.29279 0.32787 0.36638 0.41027 0.46327 0.53122 0.62250 0.00000 0.00000 0.00000 0.00000
0.05691 0.09076 0.11477 0.13818 0.16288 0.18945 0.21809 0.24878 0.28142 0.31589 0.35219 0.39066 0.43237 0.47966 0.53654 0.60861 0.00000 0.00000 0.00000 0.00000 0.00000
0.00000 0.16189 0.18448 0.20954 0.23701 0.26676 0.29858 0.33225 0.36750 0.40414 0.44216 0.48200 0.52497 0.57371 0.63212 0.00000 0.00000 0.00000 0.00000 0.00000 0.00000
0.04038 0.12351 0.16867 0.20609 0.24170 0.27729 0.31348 0.35037 0.38792 0.42602 0.46472 0.50453 0.54683 0.59392 0.00000 0.00000 0.00000 0.00000 0.00000 0.00000 0.00000
0.08338 0.14184 0.18588 0.22541 0.26357 0.30150 0.33959 0.37787 0.41621 0.45444 0.49259 0.53122 0.57146 0.00000 0.00000 0.00000 0.00000 0.00000 0.00000 0.00000 0.00000
0.12454 0.17287 0.21497 0.25481 0.29391 0.33282 0.37166 0.41026 0.44835 0.48569 0.52232 0.55861 0.00000 0.00000 0.00000 0.00000 0.00000 0.00000 0.00000 0.00000 0.00000
0.16469 0.20840 0.24932 0.28918 0.32864 0.36785 0.40667 0.44476 0.48173 0.51732 0.55144 0.00000 0.00000 0.00000 0.00000 0.00000 0.00000 0.00000 0.00000 0.00000 0.00000
0.20439 0.24596 0.28629 0.32610 0.36556 0.40454 0.44267 0.47948 0.51455 0.54750 0.00000 0.00000 0.00000 0.00000 0.00000 0.00000 0.00000 0.00000 0.00000 0.00000 0.00000
0.24397 0.28458 0.32459 0.36421 0.40330 0.44147 0.47821 0.51303 0.54537 0.00000 0.00000 0.00000 0.00000 0.00000 0.00000 0.00000 0.00000 0.00000 0.00000 0.00000 0.00000
0.28358 0.32372 0.36343 0.40258 0.44079 0.47751 0.51221 0.54424 0.00000 0.00000 0.00000 0.00000 0.00000 0.00000 0.00000 0.00000 0.00000 0.00000 0.00000 0.00000 0.00000
0.32323 0.36300 0.40219 0.44042 0.47713 0.51177 0.54364 0.00000 0.00000 0.00000 0.00000 0.00000 0.00000 0.00000 0.00000 0.00000 0.00000 0.00000 0.00000 0.00000 0.00000
0.36276 0.40197 0.44021 0.47693 0.51154 0.54333 0.00000 0.00000 0.00000 0.00000 0.00000 0.00000 0.00000 0.00000 0.00000 0.00000 0.00000 0.00000 0.00000 0.00000 0.00000
0.40186 0.44011 0.47682 0.51143 0.54318 0.00000 0.00000 0.00000 0.00000 0.00000 0.00000 0.00000 0.00000 0.00000 0.00000 0.00000 0.00000 0.00000 0.00000 0.00000 0.00000
0.44005 0.47677 0.51137 0.54310 0.00000 0.00000 0.00000 0.00000 0.00000 0.00000 0.00000 0.00000 0.00000 0.00000 0.00000 0.00000 0.00000 0.00000 0.00000 0.00000 0.00000
0.47674 0.51134 0.54307 0.00000 0.00000 0.00000 0.00000 0.00000 0.00000 0.00000 0.00000 0.00000 0.00000 0.00000 0.00000 0.00000 0.00000 0.00000 0.00000 0.00000 0.00000
0.51132 0.54305 0.00000 0.00000 0.00000 0.00000 0.00000 0.00000 0.00000 0.00000 0.00000 0.00000 0.00000 0.00000 0.00000 0.00000 0.00000 0.00000 0.00000 0.00000 0.00000
0.54304 0.00000 0.00000 0.00000 0.00000 0.00000 0.00000 0.00000 0.00000 0.00000 0.00000 0.00000 0.00000 0.00000 0.00000 0.00000 0.00000 0.00000 0.00000 0.00000 0.00000
=======
0.52661 0.50085 0.47831 0.45888 0.44209 0.42761 0.41528 0.40508 0.39708 0.39086 0.38659 0.38430 0.38387 0.38519 0.38880 0.39454 0.40253 0.41299 0.42557 0.44073 0.45850 0.47902 0.50237 0.52865 0.55840 0.59146 0.62920 0.67235 0.72200 0.78045 0.85065 0.93698 1.04378 1.17816 1.35074 1.57838 1.89490 2.37854 3.21210 4.82383
0.50191 0.47614 0.45376 0.43466 0.41830 0.40432 0.39255 0.38297 0.37563 0.37011 0.36655 0.36500 0.36534 0.36744 0.37186 0.37843 0.38728 0.39862 0.41209 0.42816 0.44687 0.46835 0.49267 0.51995 0.55074 0.58486 0.62372 0.66806 0.71900 0.77888 0.85072 0.93901 1.04817 1.18548 1.36189 1.59499 1.92034 2.41865 3.27145 0.00000
0.47227 0.44684 0.42497 0.40651 0.39088 0.37771 0.36678 0.35807 0.35165 0.34705 0.34444 0.34386 0.34518 0.34826 0.35368 0.36127 0.37114 0.38353 0.39805 0.41519 0.43498 0.45754 0.48296 0.51135 0.54326 0.57852 0.61857 0.66418 0.71648 0.77787 0.85145 0.94183 1.05356 1.19419 1.37528 1.61588 1.95389 2.46965 0.00000 0.00000
0.44081 0.41595 0.39482 0.37725 0.36259 0.35043 0.34056 0.33293 0.32763 0.32416 0.32268 0.32325 0.32573 0.32997 0.33656 0.34534 0.35640 0.36999 0.38569 0.40403 0.42501 0.44877 0.47539 0.50494 0.53806 0.57453 0.61581 0.66274 0.71643 0.77939 0.85480 0.94743 1.06205 1.20676 1.39443 1.64629 2.00021 0.00000 0.00000 0.00000
0.40835 0.38432 0.36418 0.34775 0.33431 0.32340 0.31481 0.30849 0.30453 0.30239 0.30226 0.30419 0.30803 0.31362 0.32158 0.33172 0.34414 0.35908 0.37612 0.39579 0.41810 0.44316 0.47107 0.50187 0.53626 0.57398 0.61654 0.66482 0.71995 0.78454 0.86190 0.95704 1.07525 1.22576 1.42351 1.68983 0.00000 0.00000 0.00000 0.00000
0.37557 0.35265 0.33379 0.31878 0.30682 0.29743 0.29036 0.28557 0.28318 0.28261 0.28404 0.28755 0.29296 0.30013 0.30965 0.32133 0.33530 0.35175 0.37028 0.39143 0.41519 0.44166 0.47095 0.50307 0.53878 0.57781 0.62167 0.67134 0.72794 0.79425 0.87377 0.97200 1.09533 1.25481 1.46554 0.00000 0.00000 0.00000 0.00000 0.00000
0.34299 0.32151 0.30426 0.29097 0.28079 0.27319 0.26791 0.26491 0.26433 0.26556 0.26879 0.27411 0.28131 0.29027 0.30154 0.31497 0.33065 0.34877 0.36894 0.39171 0.41702 0.44501 0.47575 0.50924 0.54632 0.58668 0.63186 0.68294 0.74108 0.80927 0.89144 0.99409 1.12535 1.29633 0.00000 0.00000 0.00000 0.00000 0.00000 0.00000
0.31090 0.29127 0.27602 0.26481 0.25674 0.25125 0.24804 0.24709 0.24858 0.25185 0.25711 0.26447 0.27369 0.28464 0.29787 0.31322 0.33079 0.35072 0.37265 0.39715 0.42412 0.45369 0.48594 0.52083 0.55930 0.60102 0.64752 0.70003 0.75983 0.83030 0.91627 1.02582 1.16716 0.00000 0.00000 0.00000 0.00000 0.00000 0.00000 0.00000
0.27943 0.26215 0.24939 0.24068 0.23512 0.23207 0.23124 0.23264 0.23645 0.24202 0.24955 0.25917 0.27061 0.28376 0.29911 0.31654 0.33614 0.35801 0.38181 0.40812 0.43682 0.46801 0.50180 0.53811 0.57797 0.62102 0.66884 0.72286 0.78464 0.85838 0.95032 1.06857 0.00000 0.00000 0.00000 0.00000 0.00000 0.00000 0.00000 0.00000
0.24854 0.23431 0.22466 0.21898 0.21637 0.21615 0.21804 0.22208 0.22848 0.23660 0.24663 0.25871 0.27258 0.28808 0.30571 0.32536 0.34709 0.37100 0.39674 0.42491 0.45535 0.48818 0.52350 0.56121 0.60242 0.64678 0.69597 0.75174 0.81635 0.89526 0.99460 0.00000 0.00000 0.00000 0.00000 0.00000 0.00000 0.00000 0.00000 0.00000
0.21817 0.20797 0.20221 0.20018 0.20105 0.20410 0.20906 0.21607 0.22533 0.23624 0.24896 0.26369 0.28014 0.29813 0.31814 0.34009 0.36403 0.39001 0.41773 0.44776 0.47993 0.51437 0.55117 0.59023 0.63272 0.67840 0.72915 0.78737 0.85647 0.94165 0.00000 0.00000 0.00000 0.00000 0.00000 0.00000 0.00000 0.00000 0.00000 0.00000
0.18821 0.18345 0.18263 0.18503 0.18998 0.19676 0.20517 0.21545 0.22781 0.24172 0.25731 0.27481 0.29394 0.31450 0.33696 0.36124 0.38739 0.41544 0.44511 0.47695 0.51078 0.54672 0.58492 0.62527 0.66900 0.71612 0.76903 0.83112 0.90550 0.00000 0.00000 0.00000 0.00000 0.00000 0.00000 0.00000 0.00000 0.00000 0.00000 0.00000
0.15858 0.16139 0.16690 0.17467 0.18436 0.19534 0.20754 0.22136 0.23702 0.25407 0.27263 0.29296 0.31481 0.33794 0.36282 0.38940 0.41770 0.44774 0.47927 0.51280 0.54815 0.58547 0.62494 0.66650 0.71153 0.76059 0.81688 0.88335 0.00000 0.00000 0.00000 0.00000 0.00000 0.00000 0.00000 0.00000 0.00000 0.00000 0.00000 0.00000
0.12919 0.14300 0.15673 0.17096 0.18605 0.20163 0.21788 0.23538 0.25442 0.27464 0.29617 0.31927 0.34377 0.36937 0.39657 0.42530 0.45560 0.48746 0.52068 0.55569 0.59237 0.63089 0.67150 0.71427 0.76100 0.81305 0.87294 0.00000 0.00000 0.00000 0.00000 0.00000 0.00000 0.00000 0.00000 0.00000 0.00000 0.00000 0.00000 0.00000
0.09998 0.13082 0.15527 0.17705 0.19800 0.21835 0.23864 0.25975 0.28203 0.30525 0.32955 0.35522 0.38213 0.40997 0.43922 0.46985 0.50187 0.53528 0.56990 0.60612 0.64386 0.68338 0.72509 0.76938 0.81870 0.87367 0.00000 0.00000 0.00000 0.00000 0.00000 0.00000 0.00000 0.00000 0.00000 0.00000 0.00000 0.00000 0.00000 0.00000
0.07091 0.13082 0.16886 0.19864 0.22518 0.24977 0.27354 0.29768 0.32266 0.34837 0.37495 0.40272 0.43157 0.46120 0.49207 0.52417 0.55749 0.59204 0.62766 0.66473 0.70322 0.74360 0.78661 0.83318 0.88478 0.00000 0.00000 0.00000 0.00000 0.00000 0.00000 0.00000 0.00000 0.00000 0.00000 0.00000 0.00000 0.00000 0.00000 0.00000
0.04192 0.16103 0.21237 0.24720 0.27653 0.30306 0.32841 0.35401 0.38039 0.40746 0.43532 0.46432 0.49431 0.52497 0.55677 0.58968 0.62369 0.65879 0.69489 0.73234 0.77131 0.81266 0.85762 0.90586 0.00000 0.00000 0.00000 0.00000 0.00000 0.00000 0.00000 0.00000 0.00000 0.00000 0.00000 0.00000 0.00000 0.00000 0.00000 0.00000
0.00000 0.31169 0.33042 0.34944 0.36995 0.39110 0.41297 0.43633 0.46130 0.48750 0.51481 0.54348 0.57328 0.60378 0.63544 0.66819 0.70201 0.73689 0.77280 0.81019 0.84958 0.89240 0.93840 0.00000 0.00000 0.00000 0.00000 0.00000 0.00000 0.00000 0.00000 0.00000 0.00000 0.00000 0.00000 0.00000 0.00000 0.00000 0.00000 0.00000
0.01589 0.18054 0.24871 0.29278 0.32834 0.35977 0.38907 0.41799 0.44720 0.47679 0.50678 0.53756 0.56902 0.60082 0.63342 0.66681 0.70102 0.73611 0.77223 0.81011 0.85069 0.89390 0.00000 0.00000 0.00000 0.00000 0.00000 0.00000 0.00000 0.00000 0.00000 0.00000 0.00000 0.00000 0.00000 0.00000 0.00000 0.00000 0.00000 0.00000
0.04477 0.15667 0.22312 0.27130 0.31122 0.34661 0.37928 0.41095 0.44241 0.47386 0.50535 0.53731 0.56967 0.60210 0.63509 0.66868 0.70295 0.73812 0.77462 0.81354 0.85428 0.00000 0.00000 0.00000 0.00000 0.00000 0.00000 0.00000 0.00000 0.00000 0.00000 0.00000 0.00000 0.00000 0.00000 0.00000 0.00000 0.00000 0.00000 0.00000
0.07363 0.15955 0.21988 0.26725 0.30791 0.34461 0.37868 0.41159 0.44413 0.47650 0.50872 0.54121 0.57391 0.60651 0.63952 0.67302 0.70725 0.74267 0.78009 0.81898 0.00000 0.00000 0.00000 0.00000 0.00000 0.00000 0.00000 0.00000 0.00000 0.00000 0.00000 0.00000 0.00000 0.00000 0.00000 0.00000 0.00000 0.00000 0.00000 0.00000
0.10243 0.17305 0.22767 0.27300 0.31306 0.34985 0.38428 0.41757 0.45047 0.48315 0.51557 0.54814 0.58078 0.61323 0.64602 0.67935 0.71373 0.74993 0.78718 0.00000 0.00000 0.00000 0.00000 0.00000 0.00000 0.00000 0.00000 0.00000 0.00000 0.00000 0.00000 0.00000 0.00000 0.00000 0.00000 0.00000 0.00000 0.00000 0.00000 0.00000
0.13113 0.19173 0.24164 0.28472 0.32365 0.35994 0.39416 0.42732 0.46012 0.49269 0.52494 0.55726 0.58956 0.62166 0.65417 0.68756 0.72260 0.75849 0.00000 0.00000 0.00000 0.00000 0.00000 0.00000 0.00000 0.00000 0.00000 0.00000 0.00000 0.00000 0.00000 0.00000 0.00000 0.00000 0.00000 0.00000 0.00000 0.00000 0.00000 0.00000
0.15968 0.21326 0.25931 0.30022 0.33783 0.37331 0.40701 0.43972 0.47210 0.50428 0.53609 0.56794 0.59973 0.63145 0.66391 0.69787 0.73248 0.00000 0.00000 0.00000 0.00000 0.00000 0.00000 0.00000 0.00000 0.00000 0.00000 0.00000 0.00000 0.00000 0.00000 0.00000 0.00000 0.00000 0.00000 0.00000 0.00000 0.00000 0.00000 0.00000
0.18802 0.23640 0.27927 0.31816 0.35441 0.38891 0.42189 0.45394 0.48568 0.51728 0.54849 0.57972 0.61099 0.64258 0.67552 0.70895 0.00000 0.00000 0.00000 0.00000 0.00000 0.00000 0.00000 0.00000 0.00000 0.00000 0.00000 0.00000 0.00000 0.00000 0.00000 0.00000 0.00000 0.00000 0.00000 0.00000 0.00000 0.00000 0.00000 0.00000
0.21607 0.26044 0.30065 0.33769 0.37255 0.40600 0.43812 0.46937 0.50032 0.53121 0.56172 0.59236 0.62337 0.65535 0.68768 0.00000 0.00000 0.00000 0.00000 0.00000 0.00000 0.00000 0.00000 0.00000 0.00000 0.00000 0.00000 0.00000 0.00000 0.00000 0.00000 0.00000 0.00000 0.00000 0.00000 0.00000 0.00000 0.00000 0.00000 0.00000
0.24378 0.28494 0.32285 0.35818 0.39168 0.42401 0.45518 0.48553 0.51561 0.54573 0.57560 0.60590 0.63719 0.66847 0.00000 0.00000 0.00000 0.00000 0.00000 0.00000 0.00000 0.00000 0.00000 0.00000 0.00000 0.00000 0.00000 0.00000 0.00000 0.00000 0.00000 0.00000 0.00000 0.00000 0.00000 0.00000 0.00000 0.00000 0.00000 0.00000
0.27108 0.30957 0.34547 0.37921 0.41137 0.44254 0.47269 0.50210 0.53126 0.56069 0.59021 0.62070 0.65119 0.00000 0.00000 0.00000 0.00000 0.00000 0.00000 0.00000 0.00000 0.00000 0.00000 0.00000 0.00000 0.00000 0.00000 0.00000 0.00000 0.00000 0.00000 0.00000 0.00000 0.00000 0.00000 0.00000 0.00000 0.00000 0.00000 0.00000
0.29788 0.33409 0.36818 0.40045 0.43127 0.46127 0.49036 0.51882 0.54718 0.57620 0.60590 0.63551 0.00000 0.00000 0.00000 0.00000 0.00000 0.00000 0.00000 0.00000 0.00000 0.00000 0.00000 0.00000 0.00000 0.00000 0.00000 0.00000 0.00000 0.00000 0.00000 0.00000 0.00000 0.00000 0.00000 0.00000 0.00000 0.00000 0.00000 0.00000
0.32413 0.35834 0.39076 0.42163 0.45113 0.47996 0.50803 0.53565 0.56350 0.59265 0.62142 0.00000 0.00000 0.00000 0.00000 0.00000 0.00000 0.00000 0.00000 0.00000 0.00000 0.00000 0.00000 0.00000 0.00000 0.00000 0.00000 0.00000 0.00000 0.00000 0.00000 0.00000 0.00000 0.00000 0.00000 0.00000 0.00000 0.00000 0.00000 0.00000
0.34974 0.38215 0.41301 0.44256 0.47078 0.49849 0.52564 0.55274 0.58063 0.60881 0.00000 0.00000 0.00000 0.00000 0.00000 0.00000 0.00000 0.00000 0.00000 0.00000 0.00000 0.00000 0.00000 0.00000 0.00000 0.00000 0.00000 0.00000 0.00000 0.00000 0.00000 0.00000 0.00000 0.00000 0.00000 0.00000 0.00000 0.00000 0.00000 0.00000
0.37465 0.40540 0.43480 0.46308 0.49011 0.51684 0.54340 0.57050 0.59737 0.00000 0.00000 0.00000 0.00000 0.00000 0.00000 0.00000 0.00000 0.00000 0.00000 0.00000 0.00000 0.00000 0.00000 0.00000 0.00000 0.00000 0.00000 0.00000 0.00000 0.00000 0.00000 0.00000 0.00000 0.00000 0.00000 0.00000 0.00000 0.00000 0.00000 0.00000
0.39879 0.42799 0.45600 0.48312 0.50912 0.53521 0.56172 0.58775 0.00000 0.00000 0.00000 0.00000 0.00000 0.00000 0.00000 0.00000 0.00000 0.00000 0.00000 0.00000 0.00000 0.00000 0.00000 0.00000 0.00000 0.00000 0.00000 0.00000 0.00000 0.00000 0.00000 0.00000 0.00000 0.00000 0.00000 0.00000 0.00000 0.00000 0.00000 0.00000
0.42212 0.44987 0.47659 0.50272 0.52805 0.55403 0.57941 0.00000 0.00000 0.00000 0.00000 0.00000 0.00000 0.00000 0.00000 0.00000 0.00000 0.00000 0.00000 0.00000 0.00000 0.00000 0.00000 0.00000 0.00000 0.00000 0.00000 0.00000 0.00000 0.00000 0.00000 0.00000 0.00000 0.00000 0.00000 0.00000 0.00000 0.00000 0.00000 0.00000
0.44459 0.47101 0.49663 0.52210 0.54731 0.57211 0.00000 0.00000 0.00000 0.00000 0.00000 0.00000 0.00000 0.00000 0.00000 0.00000 0.00000 0.00000 0.00000 0.00000 0.00000 0.00000 0.00000 0.00000 0.00000 0.00000 0.00000 0.00000 0.00000 0.00000 0.00000 0.00000 0.00000 0.00000 0.00000 0.00000 0.00000 0.00000 0.00000 0.00000
0.46622 0.49150 0.51638 0.54174 0.56574 0.00000 0.00000 0.00000 0.00000 0.00000 0.00000 0.00000 0.00000 0.00000 0.00000 0.00000 0.00000 0.00000 0.00000 0.00000 0.00000 0.00000 0.00000 0.00000 0.00000 0.00000 0.00000 0.00000 0.00000 0.00000 0.00000 0.00000 0.00000 0.00000 0.00000 0.00000 0.00000 0.00000 0.00000 0.00000
0.48713 0.51163 0.53630 0.56045 0.00000 0.00000 0.00000 0.00000 0.00000 0.00000 0.00000 0.00000 0.00000 0.00000 0.00000 0.00000 0.00000 0.00000 0.00000 0.00000 0.00000 0.00000 0.00000 0.00000 0.00000 0.00000 0.00000 0.00000 0.00000 0.00000 0.00000 0.00000 0.00000 0.00000 0.00000 0.00000 0.00000 0.00000 0.00000 0.00000
0.50760 0.53186 0.55526 0.00000 0.00000 0.00000 0.00000 0.00000 0.00000 0.00000 0.00000 0.00000 0.00000 0.00000 0.00000 0.00000 0.00000 0.00000 0.00000 0.00000 0.00000 0.00000 0.00000 0.00000 0.00000 0.00000 0.00000 0.00000 0.00000 0.00000 0.00000 0.00000 0.00000 0.00000 0.00000 0.00000 0.00000 0.00000 0.00000 0.00000
0.52810 0.55106 0.00000 0.00000 0.00000 0.00000 0.00000 0.00000 0.00000 0.00000 0.00000 0.00000 0.00000 0.00000 0.00000 0.00000 0.00000 0.00000 0.00000 0.00000 0.00000 0.00000 0.00000 0.00000 0.00000 0.00000 0.00000 0.00000 0.00000 0.00000 0.00000 0.00000 0.00000 0.00000 0.00000 0.00000 0.00000 0.00000 0.00000 0.00000
0.54751 0.00000 0.00000 0.00000 0.00000 0.00000 0.00000 0.00000 0.00000 0.00000 0.00000 0.00000 0.00000 0.00000 0.00000 0.00000 0.00000 0.00000 0.00000 0.00000 0.00000 0.00000 0.00000 0.00000 0.00000 0.00000 0.00000 0.00000 0.00000 0.00000 0.00000 0.00000 0.00000 0.00000 0.00000 0.00000 0.00000 0.00000 0.00000 0.00000
>>>>>>> 00fd3ba (upload project)
