<<<<<<< HEAD
0.00000 0.93730 0.87219 0.78626 0.70302 0.63103 0.57187 0.59157 0.61553 0.64412 0.67765 0.71660 0.76236 0.81888 0.89596 1.01379 1.20823 1.53834 2.09841 3.03433 4.56337
0.00000 0.78964 0.69050 0.60153 0.52757 0.46808 0.48070 0.49658 0.51617 0.53991 0.56826 0.60198 0.64299 0.69644 0.77440 0.90108 1.11841 1.49436 2.13680 3.21289 0.00000
0.00000 0.57877 0.49280 0.42315 0.36795 0.37509 0.38444 0.39647 0.41168 0.43059 0.45389 0.48278 0.52019 0.57329 0.65780 0.80327 1.05841 1.50084 2.25480 0.00000 0.00000
0.00000 0.39930 0.33648 0.28727 0.29094 0.29598 0.30278 0.31179 0.32355 0.33870 0.35825 0.38417 0.42110 0.47955 0.58046 0.75959 1.07223 1.60706 0.00000 0.00000 0.00000
0.00000 0.26975 0.22658 0.22838 0.23098 0.23465 0.23978 0.24680 0.25630 0.26911 0.28675 0.31252 0.35383 0.42600 0.55628 0.78626 1.17761 0.00000 0.00000 0.00000 0.00000
0.00000 0.18152 0.18241 0.18376 0.18575 0.18866 0.19282 0.19872 0.20702 0.21891 0.23686 0.26631 0.31874 0.41550 0.58985 0.88808 0.00000 0.00000 0.00000 0.00000 0.00000
0.00000 0.00000 0.00000 0.00000 0.00000 0.00000 0.00000 0.00000 0.00000 0.00000 0.00000 0.00000 0.00000 0.00000 0.00000 0.00000 0.00000 0.00000 0.00000 0.00000 0.00000
0.00000 0.00000 0.00000 0.00000 0.00000 0.00000 0.00000 0.00000 0.00000 0.00000 0.00000 0.00000 0.00000 0.00000 0.00000 0.00000 0.00000 0.00000 0.00000 0.00000 0.00000
0.00000 0.00000 0.00000 0.00000 0.00000 0.00000 0.00000 0.00000 0.00000 0.00000 0.00000 0.00000 0.00000 0.00000 0.00000 0.00000 0.00000 0.00000 0.00000 0.00000 0.00000
0.00000 0.00000 0.00000 0.00000 0.00000 0.00000 0.00000 0.00000 0.00000 0.00000 0.00000 0.00000 0.00000 0.00000 0.00000 0.00000 0.00000 0.00000 0.00000 0.00000 0.00000
0.00000 0.00000 0.00000 0.00000 0.00000 0.00000 0.00000 0.00000 0.00000 0.00000 0.00000 0.00000 0.00000 0.00000 0.00000 0.00000 0.00000 0.00000 0.00000 0.00000 0.00000
0.00000 0.00000 0.00000 0.00000 0.00000 0.00000 0.00000 0.00000 0.00000 0.00000 0.00000 0.00000 0.00000 0.00000 0.00000 0.00000 0.00000 0.00000 0.00000 0.00000 0.00000
0.00000 0.00000 0.00000 0.00000 0.00000 0.00000 0.00000 0.00000 0.00000 0.00000 0.00000 0.00000 0.00000 0.00000 0.00000 0.00000 0.00000 0.00000 0.00000 0.00000 0.00000
0.00000 0.00000 0.00000 0.00000 0.00000 0.00000 0.00000 0.00000 0.00000 0.00000 0.00000 0.00000 0.00000 0.00000 0.00000 0.00000 0.00000 0.00000 0.00000 0.00000 0.00000
0.00000 0.00000 0.00000 0.00000 0.00000 0.00000 0.00000 0.00000 0.00000 0.00000 0.00000 0.00000 0.00000 0.00000 0.00000 0.00000 0.00000 0.00000 0.00000 0.00000 0.00000
0.00000 0.00000 0.00000 0.00000 0.00000 0.00000 0.00000 0.00000 0.00000 0.00000 0.00000 0.00000 0.00000 0.00000 0.00000 0.00000 0.00000 0.00000 0.00000 0.00000 0.00000
0.00000 0.00000 0.00000 0.00000 0.00000 0.00000 0.00000 0.00000 0.00000 0.00000 0.00000 0.00000 0.00000 0.00000 0.00000 0.00000 0.00000 0.00000 0.00000 0.00000 0.00000
0.00000 0.00000 0.00000 0.00000 0.00000 0.00000 0.00000 0.00000 0.00000 0.00000 0.00000 0.00000 0.00000 0.00000 0.00000 0.00000 0.00000 0.00000 0.00000 0.00000 0.00000
0.00000 0.00000 0.00000 0.00000 0.00000 0.00000 0.00000 0.00000 0.00000 0.00000 0.00000 0.00000 0.00000 0.00000 0.00000 0.00000 0.00000 0.00000 0.00000 0.00000 0.00000
0.00000 0.00000 0.00000 0.00000 0.00000 0.00000 0.00000 0.00000 0.00000 0.00000 0.00000 0.00000 0.00000 0.00000 0.00000 0.00000 0.00000 0.00000 0.00000 0.00000 0.00000
0.00000 0.00000 0.00000 0.00000 0.00000 0.00000 0.00000 0.00000 0.00000 0.00000 0.00000 0.00000 0.00000 0.00000 0.00000 0.00000 0.00000 0.00000 0.00000 0.00000 0.00000
=======
0.00000 0.98479 1.00187 1.00209 0.99384 0.98012 0.96310 0.94471 0.92651 0.90824 0.89107 0.87554 0.86161 0.84914 0.83948 0.83223 0.82760 0.82598 0.85783 0.89443 0.93625 0.98369 1.03746 1.09813 1.16706 1.24418 1.33342 1.43738 1.55952 1.70715 1.89008 2.12229 2.41896 2.80445 3.31532 4.00972 5.00212 6.55584 9.28971 14.67585
0.00000 1.01028 0.99819 0.98333 0.96477 0.94357 0.92120 0.89908 0.87835 0.85839 0.84010 0.82383 0.80940 0.79660 0.78671 0.77930 0.77456 0.80267 0.83438 0.87108 0.91297 0.96083 1.01524 1.07649 1.14620 1.22448 1.31549 1.42177 1.54728 1.70003 1.88982 2.13191 2.44250 2.84759 3.38652 4.12194 5.17911 6.84051 9.75086 0.00000
0.00000 0.97811 0.95794 0.93678 0.91349 0.88901 0.86459 0.84133 0.82009 0.80000 0.78182 0.76578 0.75165 0.73918 0.72962 0.72254 0.74625 0.77415 0.80582 0.84245 0.88458 0.93291 0.98769 1.04938 1.11998 1.19952 1.29221 1.40109 1.53062 1.68867 1.88616 2.13947 2.46601 2.89404 3.46633 4.25348 5.39387 7.18514 0.00000 0.00000
0.00000 0.93077 0.90514 0.88012 0.85440 0.82867 0.80380 0.78062 0.75983 0.74030 0.72276 0.70740 0.69393 0.68210 0.67313 0.69308 0.71652 0.74438 0.77588 0.81268 0.85519 0.90375 0.95882 1.02110 1.09273 1.17344 1.26808 1.38023 1.51385 1.67792 1.88421 2.15050 2.49601 2.95173 3.56721 4.42341 5.66900 0.00000 0.00000 0.00000
0.00000 0.87369 0.84494 0.81832 0.79210 0.76659 0.74237 0.72007 0.70027 0.68175 0.66520 0.65079 0.63823 0.62725 0.64392 0.66363 0.68705 0.71480 0.74647 0.78366 0.82638 0.87516 0.93075 0.99379 1.06640 1.14861 1.24584 1.36129 1.49962 1.67066 1.88727 2.16918 2.53790 3.03026 3.70496 4.65130 0.00000 0.00000 0.00000 0.00000
0.00000 0.81165 0.78205 0.75560 0.73019 0.70582 0.68287 0.66186 0.64337 0.62609 0.61071 0.59744 0.58593 0.59930 0.61583 0.63564 0.65905 0.68710 0.71922 0.75668 0.79964 0.84895 0.90534 0.96909 1.04306 1.12748 1.22727 1.34662 1.49046 1.66977 1.89902 2.20021 2.60023 3.14384 3.89753 0.00000 0.00000 0.00000 0.00000 0.00000
0.00000 0.74910 0.72028 0.69507 0.67116 0.64836 0.62693 0.60738 0.59030 0.57437 0.56026 0.54821 0.55986 0.57324 0.59002 0.60995 0.63383 0.66253 0.69500 0.73281 0.77638 0.82656 0.88377 0.94861 1.02472 1.11131 1.21419 1.33815 1.48863 1.67824 1.92324 2.25091 2.69542 3.30853 0.00000 0.00000 0.00000 0.00000 0.00000 0.00000
0.00000 0.68910 0.66195 0.63843 0.61629 0.59517 0.57531 0.55723 0.54157 0.52703 0.51422 0.52422 0.53603 0.54985 0.56690 0.58750 0.61226 0.64151 0.67439 0.71297 0.75755 0.80861 0.86708 0.93383 1.01202 1.10128 1.20784 1.33741 1.49631 1.69883 1.96590 2.33182 2.83759 0.00000 0.00000 0.00000 0.00000 0.00000 0.00000 0.00000
0.00000 0.63312 0.60803 0.58630 0.56592 0.54645 0.52812 0.51148 0.49721 0.48404 0.49219 0.50250 0.51495 0.52921 0.54711 0.56881 0.59435 0.62421 0.65794 0.69769 0.74326 0.79568 0.85630 0.92482 1.00556 1.09804 1.20914 1.34587 1.51535 1.73632 2.03578 2.45532 0.00000 0.00000 0.00000 0.00000 0.00000 0.00000 0.00000 0.00000
0.00000 0.58164 0.55865 0.53861 0.51991 0.50201 0.48512 0.46990 0.45696 0.46382 0.47231 0.48340 0.49647 0.51178 0.53098 0.55361 0.57997 0.61092 0.64589 0.68678 0.73381 0.78852 0.85111 0.92185 1.00564 1.10207 1.21909 1.36468 1.54963 1.79802 2.14376 0.00000 0.00000 0.00000 0.00000 0.00000 0.00000 0.00000 0.00000 0.00000
0.00000 0.53448 0.51349 0.49501 0.47790 0.46148 0.44599 0.43214 0.43832 0.44557 0.45487 0.46666 0.48101 0.49783 0.51810 0.54166 0.56931 0.60173 0.63786 0.68035 0.72987 0.78658 0.85157 0.92498 1.01246 1.11408 1.23835 1.39699 1.60515 1.89351 0.00000 0.00000 0.00000 0.00000 0.00000 0.00000 0.00000 0.00000 0.00000 0.00000
0.00000 0.49125 0.47212 0.45511 0.43950 0.42449 0.41034 0.41485 0.42141 0.42957 0.43953 0.45271 0.46885 0.48687 0.50813 0.53308 0.56241 0.59616 0.63390 0.67910 0.73068 0.78979 0.85760 0.93427 1.02660 1.13437 1.26955 1.44776 1.69040 0.00000 0.00000 0.00000 0.00000 0.00000 0.00000 0.00000 0.00000 0.00000 0.00000 0.00000
0.00000 0.45156 0.43416 0.41851 0.40433 0.39068 0.39426 0.39909 0.40658 0.41542 0.42679 0.44190 0.45948 0.47851 0.50122 0.52797 0.55869 0.59421 0.63483 0.68219 0.73618 0.79802 0.86925 0.95032 1.04814 1.16519 1.31657 1.52450 0.00000 0.00000 0.00000 0.00000 0.00000 0.00000 0.00000 0.00000 0.00000 0.00000 0.00000 0.00000
0.00000 0.41507 0.39927 0.38493 0.37210 0.37575 0.37949 0.38522 0.39332 0.40370 0.41714 0.43370 0.45247 0.47296 0.49752 0.52561 0.55816 0.59690 0.63968 0.68951 0.74615 0.81126 0.88719 0.97297 1.07908 1.20947 1.38587 0.00000 0.00000 0.00000 0.00000 0.00000 0.00000 0.00000 0.00000 0.00000 0.00000 0.00000 0.00000 0.00000
0.00000 0.38147 0.36721 0.35409 0.35811 0.36197 0.36648 0.37256 0.38229 0.39508 0.40994 0.42759 0.44812 0.47044 0.49615 0.52598 0.56213 0.60316 0.64834 0.70084 0.76053 0.83027 0.91120 1.00406 1.12149 1.27267 0.00000 0.00000 0.00000 0.00000 0.00000 0.00000 0.00000 0.00000 0.00000 0.00000 0.00000 0.00000 0.00000 0.00000
0.00000 0.35054 0.33772 0.34077 0.34512 0.35003 0.35425 0.36179 0.37443 0.38889 0.40449 0.42393 0.44693 0.46985 0.49692 0.53085 0.56935 0.61296 0.66052 0.71601 0.78022 0.85459 0.94346 1.04452 1.17980 0.00000 0.00000 0.00000 0.00000 0.00000 0.00000 0.00000 0.00000 0.00000 0.00000 0.00000 0.00000 0.00000 0.00000 0.00000
0.00000 0.32205 0.32543 0.32796 0.33430 0.33855 0.34335 0.35425 0.36915 0.38421 0.40102 0.42366 0.44774 0.47027 0.50245 0.53866 0.57985 0.62608 0.67566 0.73654 0.80405 0.88696 0.98474 1.09587 0.00000 0.00000 0.00000 0.00000 0.00000 0.00000 0.00000 0.00000 0.00000 0.00000 0.00000 0.00000 0.00000 0.00000 0.00000 0.00000
0.00000 0.00000 0.00000 0.00000 0.00000 0.00000 0.00000 0.00000 0.00000 0.00000 0.00000 0.00000 0.00000 0.00000 0.00000 0.00000 0.00000 0.00000 0.00000 0.00000 0.00000 0.00000 0.00000 0.00000 0.00000 0.00000 0.00000 0.00000 0.00000 0.00000 0.00000 0.00000 0.00000 0.00000 0.00000 0.00000 0.00000 0.00000 0.00000 0.00000
0.00000 0.00000 0.00000 0.00000 0.00000 0.00000 0.00000 0.00000 0.00000 0.00000 0.00000 0.00000 0.00000 0.00000 0.00000 0.00000 0.00000 0.00000 0.00000 0.00000 0.00000 0.00000 0.00000 0.00000 0.00000 0.00000 0.00000 0.00000 0.00000 0.00000 0.00000 0.00000 0.00000 0.00000 0.00000 0.00000 0.00000 0.00000 0.00000 0.00000
0.00000 0.00000 0.00000 0.00000 0.00000 0.00000 0.00000 0.00000 0.00000 0.00000 0.00000 0.00000 0.00000 0.00000 0.00000 0.00000 0.00000 0.00000 0.00000 0.00000 0.00000 0.00000 0.00000 0.00000 0.00000 0.00000 0.00000 0.00000 0.00000 0.00000 0.00000 0.00000 0.00000 0.00000 0.00000 0.00000 0.00000 0.00000 0.00000 0.00000
0.00000 0.00000 0.00000 0.00000 0.00000 0.00000 0.00000 0.00000 0.00000 0.00000 0.00000 0.00000 0.00000 0.00000 0.00000 0.00000 0.00000 0.00000 0.00000 0.00000 0.00000 0.00000 0.00000 0.00000 0.00000 0.00000 0.00000 0.00000 0.00000 0.00000 0.00000 0.00000 0.00000 0.00000 0.00000 0.00000 0.00000 0.00000 0.00000 0.00000
0.00000 0.00000 0.00000 0.00000 0.00000 0.00000 0.00000 0.00000 0.00000 0.00000 0.00000 0.00000 0.00000 0.00000 0.00000 0.00000 0.00000 0.00000 0.00000 0.00000 0.00000 0.00000 0.00000 0.00000 0.00000 0.00000 0.00000 0.00000 0.00000 0.00000 0.00000 0.00000 0.00000 0.00000 0.00000 0.00000 0.00000 0.00000 0.00000 0.00000
0.00000 0.00000 0.00000 0.00000 0.00000 0.00000 0.00000 0.00000 0.00000 0.00000 0.00000 0.00000 0.00000 0.00000 0.00000 0.00000 0.00000 0.00000 0.00000 0.00000 0.00000 0.00000 0.00000 0.00000 0.00000 0.00000 0.00000 0.00000 0.00000 0.00000 0.00000 0.00000 0.00000 0.00000 0.00000 0.00000 0.00000 0.00000 0.00000 0.00000
0.00000 0.00000 0.00000 0.00000 0.00000 0.00000 0.00000 0.00000 0.00000 0.00000 0.00000 0.00000 0.00000 0.00000 0.00000 0.00000 0.00000 0.00000 0.00000 0.00000 0.00000 0.00000 0.00000 0.00000 0.00000 0.00000 0.00000 0.00000 0.00000 0.00000 0.00000 0.00000 0.00000 0.00000 0.00000 0.00000 0.00000 0.00000 0.00000 0.00000
0.00000 0.00000 0.00000 0.00000 0.00000 0.00000 0.00000 0.00000 0.00000 0.00000 0.00000 0.00000 0.00000 0.00000 0.00000 0.00000 0.00000 0.00000 0.00000 0.00000 0.00000 0.00000 0.00000 0.00000 0.00000 0.00000 0.00000 0.00000 0.00000 0.00000 0.00000 0.00000 0.00000 0.00000 0.00000 0.00000 0.00000 0.00000 0.00000 0.00000
0.00000 0.00000 0.00000 0.00000 0.00000 0.00000 0.00000 0.00000 0.00000 0.00000 0.00000 0.00000 0.00000 0.00000 0.00000 0.00000 0.00000 0.00000 0.00000 0.00000 0.00000 0.00000 0.00000 0.00000 0.00000 0.00000 0.00000 0.00000 0.00000 0.00000 0.00000 0.00000 0.00000 0.00000 0.00000 0.00000 0.00000 0.00000 0.00000 0.00000
0.00000 0.00000 0.00000 0.00000 0.00000 0.00000 0.00000 0.00000 0.00000 0.00000 0.00000 0.00000 0.00000 0.00000 0.00000 0.00000 0.00000 0.00000 0.00000 0.00000 0.00000 0.00000 0.00000 0.00000 0.00000 0.00000 0.00000 0.00000 0.00000 0.00000 0.00000 0.00000 0.00000 0.00000 0.00000 0.00000 0.00000 0.00000 0.00000 0.00000
0.00000 0.00000 0.00000 0.00000 0.00000 0.00000 0.00000 0.00000 0.00000 0.00000 0.00000 0.00000 0.00000 0.00000 0.00000 0.00000 0.00000 0.00000 0.00000 0.00000 0.00000 0.00000 0.00000 0.00000 0.00000 0.00000 0.00000 0.00000 0.00000 0.00000 0.00000 0.00000 0.00000 0.00000 0.00000 0.00000 0.00000 0.00000 0.00000 0.00000
0.00000 0.00000 0.00000 0.00000 0.00000 0.00000 0.00000 0.00000 0.00000 0.00000 0.00000 0.00000 0.00000 0.00000 0.00000 0.00000 0.00000 0.00000 0.00000 0.00000 0.00000 0.00000 0.00000 0.00000 0.00000 0.00000 0.00000 0.00000 0.00000 0.00000 0.00000 0.00000 0.00000 0.00000 0.00000 0.00000 0.00000 0.00000 0.00000 0.00000
0.00000 0.00000 0.00000 0.00000 0.00000 0.00000 0.00000 0.00000 0.00000 0.00000 0.00000 0.00000 0.00000 0.00000 0.00000 0.00000 0.00000 0.00000 0.00000 0.00000 0.00000 0.00000 0.00000 0.00000 0.00000 0.00000 0.00000 0.00000 0.00000 0.00000 0.00000 0.00000 0.00000 0.00000 0.00000 0.00000 0.00000 0.00000 0.00000 0.00000
0.00000 0.00000 0.00000 0.00000 0.00000 0.00000 0.00000 0.00000 0.00000 0.00000 0.00000 0.00000 0.00000 0.00000 0.00000 0.00000 0.00000 0.00000 0.00000 0.00000 0.00000 0.00000 0.00000 0.00000 0.00000 0.00000 0.00000 0.00000 0.00000 0.00000 0.00000 0.00000 0.00000 0.00000 0.00000 0.00000 0.00000 0.00000 0.00000 0.00000
0.00000 0.00000 0.00000 0.00000 0.00000 0.00000 0.00000 0.00000 0.00000 0.00000 0.00000 0.00000 0.00000 0.00000 0.00000 0.00000 0.00000 0.00000 0.00000 0.00000 0.00000 0.00000 0.00000 0.00000 0.00000 0.00000 0.00000 0.00000 0.00000 0.00000 0.00000 0.00000 0.00000 0.00000 0.00000 0.00000 0.00000 0.00000 0.00000 0.00000
0.00000 0.00000 0.00000 0.00000 0.00000 0.00000 0.00000 0.00000 0.00000 0.00000 0.00000 0.00000 0.00000 0.00000 0.00000 0.00000 0.00000 0.00000 0.00000 0.00000 0.00000 0.00000 0.00000 0.00000 0.00000 0.00000 0.00000 0.00000 0.00000 0.00000 0.00000 0.00000 0.00000 0.00000 0.00000 0.00000 0.00000 0.00000 0.00000 0.00000
0.00000 0.00000 0.00000 0.00000 0.00000 0.00000 0.00000 0.00000 0.00000 0.00000 0.00000 0.00000 0.00000 0.00000 0.00000 0.00000 0.00000 0.00000 0.00000 0.00000 0.00000 0.00000 0.00000 0.00000 0.00000 0.00000 0.00000 0.00000 0.00000 0.00000 0.00000 0.00000 0.00000 0.00000 0.00000 0.00000 0.00000 0.00000 0.00000 0.00000
0.00000 0.00000 0.00000 0.00000 0.00000 0.00000 0.00000 0.00000 0.00000 0.00000 0.00000 0.00000 0.00000 0.00000 0.00000 0.00000 0.00000 0.00000 0.00000 0.00000 0.00000 0.00000 0.00000 0.00000 0.00000 0.00000 0.00000 0.00000 0.00000 0.00000 0.00000 0.00000 0.00000 0.00000 0.00000 0.00000 0.00000 0.00000 0.00000 0.00000
0.00000 0.00000 0.00000 0.00000 0.00000 0.00000 0.00000 0.00000 0.00000 0.00000 0.00000 0.00000 0.00000 0.00000 0.00000 0.00000 0.00000 0.00000 0.00000 0.00000 0.00000 0.00000 0.00000 0.00000 0.00000 0.00000 0.00000 0.00000 0.00000 0.00000 0.00000 0.00000 0.00000 0.00000 0.00000 0.00000 0.00000 0.00000 0.00000 0.00000
0.00000 0.00000 0.00000 0.00000 0.00000 0.00000 0.00000 0.00000 0.00000 0.00000 0.00000 0.00000 0.00000 0.00000 0.00000 0.00000 0.00000 0.00000 0.00000 0.00000 0.00000 0.00000 0.00000 0.00000 0.00000 0.00000 0.00000 0.00000 0.00000 0.00000 0.00000 0.00000 0.00000 0.00000 0.00000 0.00000 0.00000 0.00000 0.00000 0.00000
0.00000 0.00000 0.00000 0.00000 0.00000 0.00000 0.00000 0.00000 0.00000 0.00000 0.00000 0.00000 0.00000 0.00000 0.00000 0.00000 0.00000 0.00000 0.00000 0.00000 0.00000 0.00000 0.00000 0.00000 0.00000 0.00000 0.00000 0.00000 0.00000 0.00000 0.00000 0.00000 0.00000 0.00000 0.00000 0.00000 0.00000 0.00000 0.00000 0.00000
0.00000 0.00000 0.00000 0.00000 0.00000 0.00000 0.00000 0.00000 0.00000 0.00000 0.00000 0.00000 0.00000 0.00000 0.00000 0.00000 0.00000 0.00000 0.00000 0.00000 0.00000 0.00000 0.00000 0.00000 0.00000 0.00000 0.00000 0.00000 0.00000 0.00000 0.00000 0.00000 0.00000 0.00000 0.00000 0.00000 0.00000 0.00000 0.00000 0.00000
0.00000 0.00000 0.00000 0.00000 0.00000 0.00000 0.00000 0.00000 0.00000 0.00000 0.00000 0.00000 0.00000 0.00000 0.00000 0.00000 0.00000 0.00000 0.00000 0.00000 0.00000 0.00000 0.00000 0.00000 0.00000 0.00000 0.00000 0.00000 0.00000 0.00000 0.00000 0.00000 0.00000 0.00000 0.00000 0.00000 0.00000 0.00000 0.00000 0.00000
>>>>>>> 00fd3ba (upload project)
