<<<<<<< HEAD
0.51921 0.49325 0.46977 0.44842 0.42892 0.41106 0.39462 0.37946 0.36543 0.35243 0.34035 0.32913 0.31873 0.30912 0.30033 0.29244 0.28563 0.28024 0.27688 0.27660 0.28114 0.29325 0.31715 0.35912 0.42919 0.54631 0.75749 1.18602
0.49437 0.46835 0.44493 0.42375 0.40449 0.38691 0.37080 0.35599 0.34233 0.32971 0.31803 0.30722 0.29723 0.28806 0.27974 0.27237 0.26619 0.26162 0.25938 0.26070 0.26750 0.28264 0.31030 0.35660 0.43157 0.55582 0.78009 0.00000
0.46684 0.44091 0.41771 0.39683 0.37794 0.36077 0.34510 0.33075 0.31757 0.30544 0.29425 0.28395 0.27449 0.26589 0.25819 0.25158 0.24636 0.24312 0.24280 0.24687 0.25747 0.27754 0.31102 0.36370 0.44591 0.57973 0.00000 0.00000
0.43836 0.41257 0.38966 0.36916 0.35071 0.33403 0.31887 0.30506 0.29242 0.28084 0.27023 0.26053 0.25170 0.24380 0.23694 0.23139 0.22764 0.22649 0.22920 0.23752 0.25371 0.28057 0.32166 0.38244 0.47277 0.00000 0.00000 0.00000
0.40920 0.38363 0.36107 0.34103 0.32310 0.30697 0.29240 0.27919 0.26717 0.25623 0.24628 0.23727 0.22923 0.22223 0.21652 0.21253 0.21099 0.21303 0.22022 0.23447 0.25797 0.29310 0.34297 0.41160 0.00000 0.00000 0.00000 0.00000
0.37951 0.35422 0.33210 0.31259 0.29525 0.27977 0.26586 0.25333 0.24201 0.23180 0.22262 0.21446 0.20740 0.20164 0.19758 0.19591 0.19768 0.20436 0.21770 0.23953 0.27165 0.31596 0.37374 0.00000 0.00000 0.00000 0.00000 0.00000
0.34944 0.32450 0.30289 0.28400 0.26735 0.25259 0.23944 0.22768 0.21717 0.20780 0.19955 0.19247 0.18673 0.18272 0.18109 0.18286 0.18941 0.20242 0.22355 0.25426 0.29583 0.34820 0.00000 0.00000 0.00000 0.00000 0.00000 0.00000
0.31921 0.29468 0.27367 0.25550 0.23963 0.22569 0.21339 0.20252 0.19294 0.18459 0.17751 0.17185 0.16797 0.16651 0.16846 0.17516 0.18823 0.20923 0.23948 0.27989 0.32970 0.00000 0.00000 0.00000 0.00000 0.00000 0.00000 0.00000
0.28908 0.26504 0.24473 0.22737 0.21238 0.19938 0.18805 0.17821 0.16974 0.16267 0.15712 0.15344 0.15226 0.15453 0.16159 0.17499 0.19627 0.22664 0.26685 0.31568 0.00000 0.00000 0.00000 0.00000 0.00000 0.00000 0.00000 0.00000
0.25934 0.23585 0.21634 0.19990 0.18593 0.17399 0.16379 0.15517 0.14810 0.14269 0.13928 0.13846 0.14119 0.14878 0.16276 0.18461 0.21551 0.25611 0.30493 0.00000 0.00000 0.00000 0.00000 0.00000 0.00000 0.00000 0.00000 0.00000
0.23026 0.20740 0.18879 0.17341 0.16060 0.14990 0.14105 0.13397 0.12872 0.12562 0.12527 0.12860 0.13690 0.15167 0.17437 0.20613 0.24754 0.29694 0.00000 0.00000 0.00000 0.00000 0.00000 0.00000 0.00000 0.00000 0.00000 0.00000
0.20206 0.17990 0.16234 0.14820 0.13675 0.12755 0.12040 0.11534 0.11262 0.11284 0.11692 0.12614 0.14196 0.16580 0.19871 0.24130 0.29168 0.00000 0.00000 0.00000 0.00000 0.00000 0.00000 0.00000 0.00000 0.00000 0.00000 0.00000
0.17485 0.15352 0.13722 0.12458 0.11481 0.10753 0.10265 0.10039 0.10132 0.10635 0.11674 0.13391 0.15921 0.19365 0.23776 0.28948 0.00000 0.00000 0.00000 0.00000 0.00000 0.00000 0.00000 0.00000 0.00000 0.00000 0.00000 0.00000
0.14867 0.12840 0.11369 0.10297 0.09540 0.09071 0.08902 0.09084 0.09708 0.10896 0.12788 0.15508 0.19148 0.23753 0.29094 0.00000 0.00000 0.00000 0.00000 0.00000 0.00000 0.00000 0.00000 0.00000 0.00000 0.00000 0.00000 0.00000
0.12342 0.10464 0.09213 0.08403 0.07954 0.07858 0.08157 0.08937 0.10320 0.12437 0.15404 0.19298 0.24149 0.29703 0.00000 0.00000 0.00000 0.00000 0.00000 0.00000 0.00000 0.00000 0.00000 0.00000 0.00000 0.00000 0.00000 0.00000
0.09884 0.08249 0.07328 0.06903 0.06910 0.07370 0.08362 0.10003 0.12418 0.15706 0.19928 0.25097 0.30915 0.00000 0.00000 0.00000 0.00000 0.00000 0.00000 0.00000 0.00000 0.00000 0.00000 0.00000 0.00000 0.00000 0.00000 0.00000
0.07451 0.06268 0.05883 0.06058 0.06760 0.08055 0.10052 0.12864 0.16577 0.21226 0.26799 0.32947 0.00000 0.00000 0.00000 0.00000 0.00000 0.00000 0.00000 0.00000 0.00000 0.00000 0.00000 0.00000 0.00000 0.00000 0.00000 0.00000
0.04975 0.04762 0.05299 0.06424 0.08185 0.10690 0.14047 0.18322 0.23522 0.29607 0.36157 0.00000 0.00000 0.00000 0.00000 0.00000 0.00000 0.00000 0.00000 0.00000 0.00000 0.00000 0.00000 0.00000 0.00000 0.00000 0.00000 0.00000
0.02365 0.04630 0.06716 0.09260 0.12506 0.16598 0.21595 0.27478 0.34177 0.41180 0.00000 0.00000 0.00000 0.00000 0.00000 0.00000 0.00000 0.00000 0.00000 0.00000 0.00000 0.00000 0.00000 0.00000 0.00000 0.00000 0.00000 0.00000
0.00000 0.10859 0.13839 0.17667 0.22423 0.28107 0.34645 0.41919 0.49284 0.00000 0.00000 0.00000 0.00000 0.00000 0.00000 0.00000 0.00000 0.00000 0.00000 0.00000 0.00000 0.00000 0.00000 0.00000 0.00000 0.00000 0.00000 0.00000
0.03764 0.10267 0.15243 0.20536 0.26486 0.33122 0.40362 0.47575 0.00000 0.00000 0.00000 0.00000 0.00000 0.00000 0.00000 0.00000 0.00000 0.00000 0.00000 0.00000 0.00000 0.00000 0.00000 0.00000 0.00000 0.00000 0.00000 0.00000
0.07580 0.13422 0.19120 0.25269 0.31976 0.39182 0.46264 0.00000 0.00000 0.00000 0.00000 0.00000 0.00000 0.00000 0.00000 0.00000 0.00000 0.00000 0.00000 0.00000 0.00000 0.00000 0.00000 0.00000 0.00000 0.00000 0.00000 0.00000
0.12075 0.18073 0.24371 0.31129 0.38303 0.45275 0.00000 0.00000 0.00000 0.00000 0.00000 0.00000 0.00000 0.00000 0.00000 0.00000 0.00000 0.00000 0.00000 0.00000 0.00000 0.00000 0.00000 0.00000 0.00000 0.00000 0.00000 0.00000
0.17311 0.23717 0.30511 0.37659 0.44541 0.00000 0.00000 0.00000 0.00000 0.00000 0.00000 0.00000 0.00000 0.00000 0.00000 0.00000 0.00000 0.00000 0.00000 0.00000 0.00000 0.00000 0.00000 0.00000 0.00000 0.00000 0.00000 0.00000
0.23249 0.30068 0.37195 0.44005 0.00000 0.00000 0.00000 0.00000 0.00000 0.00000 0.00000 0.00000 0.00000 0.00000 0.00000 0.00000 0.00000 0.00000 0.00000 0.00000 0.00000 0.00000 0.00000 0.00000 0.00000 0.00000 0.00000 0.00000
0.29756 0.36865 0.43621 0.00000 0.00000 0.00000 0.00000 0.00000 0.00000 0.00000 0.00000 0.00000 0.00000 0.00000 0.00000 0.00000 0.00000 0.00000 0.00000 0.00000 0.00000 0.00000 0.00000 0.00000 0.00000 0.00000 0.00000 0.00000
0.36635 0.43349 0.00000 0.00000 0.00000 0.00000 0.00000 0.00000 0.00000 0.00000 0.00000 0.00000 0.00000 0.00000 0.00000 0.00000 0.00000 0.00000 0.00000 0.00000 0.00000 0.00000 0.00000 0.00000 0.00000 0.00000 0.00000 0.00000
0.43161 0.00000 0.00000 0.00000 0.00000 0.00000 0.00000 0.00000 0.00000 0.00000 0.00000 0.00000 0.00000 0.00000 0.00000 0.00000 0.00000 0.00000 0.00000 0.00000 0.00000 0.00000 0.00000 0.00000 0.00000 0.00000 0.00000 0.00000
=======
0.69929 0.70132 0.70432 0.70916 0.71430 0.71994 0.72587 0.73192 0.73786 0.74367 0.74967 0.75545 0.76117 0.76697 0.77273 0.77894 0.78516 0.79157 0.79858 0.80653 0.81560 0.82560 0.83835 0.85395 0.87379 0.89923 0.93203 0.97671 1.03950 1.13361 1.28585 1.55602 2.08824 3.28146
0.68348 0.68638 0.69019 0.69588 0.70179 0.70816 0.71478 0.72146 0.72797 0.73431 0.74081 0.74705 0.75320 0.75941 0.76555 0.77214 0.77872 0.78547 0.79282 0.80111 0.81054 0.82088 0.83407 0.85017 0.87064 0.89691 0.93079 0.97703 1.04217 1.14005 1.29861 1.57952 2.12803 0.00000
0.66621 0.67016 0.67495 0.68164 0.68845 0.69568 0.70308 0.71049 0.71763 0.72460 0.73166 0.73841 0.74504 0.75170 0.75826 0.76527 0.77226 0.77937 0.78709 0.79577 0.80560 0.81633 0.83003 0.84675 0.86806 0.89545 0.93091 0.97958 1.04854 1.15273 1.32163 1.61697 0.00000 0.00000
0.64787 0.65307 0.65902 0.66684 0.67469 0.68289 0.69118 0.69939 0.70723 0.71491 0.72260 0.72989 0.73704 0.74420 0.75122 0.75864 0.76609 0.77360 0.78171 0.79081 0.80109 0.81229 0.82662 0.84413 0.86659 0.89562 0.93355 0.98619 1.06153 1.17605 1.35871 0.00000 0.00000 0.00000
0.62811 0.63480 0.64216 0.65126 0.66030 0.66962 0.67892 0.68803 0.69664 0.70514 0.71351 0.72138 0.72909 0.73679 0.74430 0.75217 0.76011 0.76805 0.77659 0.78616 0.79696 0.80876 0.82390 0.84251 0.86670 0.89826 0.94024 0.99946 1.08519 1.21324 0.00000 0.00000 0.00000 0.00000
0.60661 0.61511 0.62414 0.63473 0.64514 0.65574 0.66619 0.67632 0.68581 0.69519 0.70432 0.71282 0.72113 0.72943 0.73747 0.74583 0.75427 0.76269 0.77169 0.78179 0.79323 0.80584 0.82212 0.84238 0.86929 0.90500 0.95371 1.02356 1.12283 0.00000 0.00000 0.00000 0.00000 0.00000
0.58317 0.59385 0.60488 0.61721 0.62921 0.64125 0.65301 0.66427 0.67478 0.68512 0.69506 0.70425 0.71319 0.72215 0.73076 0.73968 0.74865 0.75758 0.76709 0.77785 0.79010 0.80387 0.82186 0.84476 0.87609 0.91876 0.97838 1.06199 0.00000 0.00000 0.00000 0.00000 0.00000 0.00000
0.55764 0.57099 0.58439 0.59877 0.61262 0.62626 0.63951 0.65204 0.66369 0.67505 0.68590 0.69584 0.70545 0.71513 0.72435 0.73386 0.74338 0.75290 0.76300 0.77459 0.78799 0.80351 0.82423 0.85156 0.89022 0.94417 1.01790 0.00000 0.00000 0.00000 0.00000 0.00000 0.00000 0.00000
0.52993 0.54654 0.56278 0.57957 0.59554 0.61099 0.62590 0.63985 0.65275 0.66522 0.67705 0.68784 0.69816 0.70860 0.71847 0.72859 0.73873 0.74892 0.75978 0.77252 0.78765 0.80598 0.83125 0.86605 0.91654 0.98509 0.00000 0.00000 0.00000 0.00000 0.00000 0.00000 0.00000 0.00000
0.49992 0.52057 0.54022 0.55984 0.57828 0.59579 0.61253 0.62804 0.64229 0.65597 0.66886 0.68056 0.69164 0.70287 0.71342 0.72419 0.73503 0.74604 0.75798 0.77247 0.79040 0.81342 0.84641 0.89342 0.95914 0.00000 0.00000 0.00000 0.00000 0.00000 0.00000 0.00000 0.00000 0.00000
0.46756 0.49320 0.51698 0.53996 0.56125 0.58111 0.59983 0.61705 0.63278 0.64774 0.66176 0.67441 0.68630 0.69833 0.70961 0.72110 0.73277 0.74492 0.75852 0.77585 0.79853 0.82953 0.87518 0.93798 0.00000 0.00000 0.00000 0.00000 0.00000 0.00000 0.00000 0.00000 0.00000 0.00000
0.43284 0.46476 0.49354 0.52050 0.54507 0.56760 0.58846 0.60753 0.62482 0.64112 0.65632 0.66994 0.68266 0.69552 0.70757 0.71991 0.73270 0.74653 0.76288 0.78505 0.81591 0.86008 0.92216 0.00000 0.00000 0.00000 0.00000 0.00000 0.00000 0.00000 0.00000 0.00000 0.00000 0.00000
0.39582 0.43571 0.47060 0.50227 0.53061 0.55609 0.57927 0.60030 0.61922 0.63687 0.65325 0.66785 0.68137 0.69510 0.70803 0.72146 0.73590 0.75249 0.77362 0.80418 0.84868 0.90995 0.00000 0.00000 0.00000 0.00000 0.00000 0.00000 0.00000 0.00000 0.00000 0.00000 0.00000 0.00000
0.35662 0.40683 0.44920 0.48640 0.51903 0.54772 0.57338 0.59641 0.61697 0.63594 0.65341 0.66897 0.68325 0.69793 0.71193 0.72696 0.74411 0.76551 0.79512 0.83973 0.90205 0.00000 0.00000 0.00000 0.00000 0.00000 0.00000 0.00000 0.00000 0.00000 0.00000 0.00000 0.00000 0.00000
0.31541 0.37923 0.43089 0.47452 0.51193 0.54404 0.57224 0.59724 0.61934 0.63950 0.65793 0.67437 0.68938 0.70516 0.72068 0.73833 0.76025 0.79023 0.83427 0.89730 0.00000 0.00000 0.00000 0.00000 0.00000 0.00000 0.00000 0.00000 0.00000 0.00000 0.00000 0.00000 0.00000 0.00000
0.27241 0.35479 0.41800 0.46906 0.51162 0.54718 0.57780 0.60456 0.62794 0.64906 0.66820 0.68542 0.70120 0.71842 0.73641 0.75874 0.78929 0.83401 0.89709 0.00000 0.00000 0.00000 0.00000 0.00000 0.00000 0.00000 0.00000 0.00000 0.00000 0.00000 0.00000 0.00000 0.00000 0.00000
0.22791 0.33669 0.41432 0.47370 0.52145 0.56013 0.59269 0.62071 0.64489 0.66653 0.68605 0.70392 0.72067 0.74017 0.76263 0.79354 0.83914 0.90339 0.00000 0.00000 0.00000 0.00000 0.00000 0.00000 0.00000 0.00000 0.00000 0.00000 0.00000 0.00000 0.00000 0.00000 0.00000 0.00000
0.18224 0.33107 0.42645 0.49436 0.54653 0.58727 0.62064 0.64890 0.67300 0.69444 0.71393 0.73235 0.75071 0.77436 0.80521 0.85134 0.91690 0.00000 0.00000 0.00000 0.00000 0.00000 0.00000 0.00000 0.00000 0.00000 0.00000 0.00000 0.00000 0.00000 0.00000 0.00000 0.00000 0.00000
0.13576 0.35182 0.46729 0.54149 0.59520 0.63526 0.66707 0.69365 0.71613 0.73626 0.75520 0.77439 0.79594 0.82763 0.87366 0.93998 0.00000 0.00000 0.00000 0.00000 0.00000 0.00000 0.00000 0.00000 0.00000 0.00000 0.00000 0.00000 0.00000 0.00000 0.00000 0.00000 0.00000 0.00000
0.08886 0.43991 0.56652 0.63568 0.68213 0.71497 0.74035 0.76162 0.77982 0.79695 0.81485 0.83585 0.86419 0.91075 0.97689 0.00000 0.00000 0.00000 0.00000 0.00000 0.00000 0.00000 0.00000 0.00000 0.00000 0.00000 0.00000 0.00000 0.00000 0.00000 0.00000 0.00000 0.00000 0.00000
0.00000 0.79853 0.81239 0.82442 0.83630 0.84571 0.85421 0.86321 0.87255 0.88413 0.90081 0.92646 0.96825 1.03429 0.00000 0.00000 0.00000 0.00000 0.00000 0.00000 0.00000 0.00000 0.00000 0.00000 0.00000 0.00000 0.00000 0.00000 0.00000 0.00000 0.00000 0.00000 0.00000 0.00000
0.00461 0.40562 0.54815 0.62468 0.67498 0.71054 0.73810 0.76192 0.78405 0.80826 0.83994 0.88546 0.94892 0.00000 0.00000 0.00000 0.00000 0.00000 0.00000 0.00000 0.00000 0.00000 0.00000 0.00000 0.00000 0.00000 0.00000 0.00000 0.00000 0.00000 0.00000 0.00000 0.00000 0.00000
0.05051 0.30540 0.43919 0.52347 0.58310 0.62768 0.66359 0.69536 0.72635 0.76210 0.81034 0.87421 0.00000 0.00000 0.00000 0.00000 0.00000 0.00000 0.00000 0.00000 0.00000 0.00000 0.00000 0.00000 0.00000 0.00000 0.00000 0.00000 0.00000 0.00000 0.00000 0.00000 0.00000 0.00000
0.09544 0.27761 0.39177 0.47110 0.53068 0.57753 0.61727 0.65442 0.69390 0.74309 0.80658 0.00000 0.00000 0.00000 0.00000 0.00000 0.00000 0.00000 0.00000 0.00000 0.00000 0.00000 0.00000 0.00000 0.00000 0.00000 0.00000 0.00000 0.00000 0.00000 0.00000 0.00000 0.00000 0.00000
0.13919 0.27805 0.37451 0.44619 0.50272 0.54944 0.59166 0.63452 0.68464 0.74619 0.00000 0.00000 0.00000 0.00000 0.00000 0.00000 0.00000 0.00000 0.00000 0.00000 0.00000 0.00000 0.00000 0.00000 0.00000 0.00000 0.00000 0.00000 0.00000 0.00000 0.00000 0.00000 0.00000 0.00000
0.18152 0.29184 0.37391 0.43810 0.49110 0.53757 0.58313 0.63406 0.69389 0.00000 0.00000 0.00000 0.00000 0.00000 0.00000 0.00000 0.00000 0.00000 0.00000 0.00000 0.00000 0.00000 0.00000 0.00000 0.00000 0.00000 0.00000 0.00000 0.00000 0.00000 0.00000 0.00000 0.00000 0.00000
0.22234 0.31261 0.38330 0.44114 0.49147 0.53916 0.59055 0.64876 0.00000 0.00000 0.00000 0.00000 0.00000 0.00000 0.00000 0.00000 0.00000 0.00000 0.00000 0.00000 0.00000 0.00000 0.00000 0.00000 0.00000 0.00000 0.00000 0.00000 0.00000 0.00000 0.00000 0.00000 0.00000 0.00000
0.26158 0.33724 0.39917 0.45240 0.50199 0.55356 0.61007 0.00000 0.00000 0.00000 0.00000 0.00000 0.00000 0.00000 0.00000 0.00000 0.00000 0.00000 0.00000 0.00000 0.00000 0.00000 0.00000 0.00000 0.00000 0.00000 0.00000 0.00000 0.00000 0.00000 0.00000 0.00000 0.00000 0.00000
0.29927 0.36420 0.41984 0.47081 0.52249 0.57726 0.00000 0.00000 0.00000 0.00000 0.00000 0.00000 0.00000 0.00000 0.00000 0.00000 0.00000 0.00000 0.00000 0.00000 0.00000 0.00000 0.00000 0.00000 0.00000 0.00000 0.00000 0.00000 0.00000 0.00000 0.00000 0.00000 0.00000 0.00000
0.33562 0.39294 0.44502 0.49661 0.54980 0.00000 0.00000 0.00000 0.00000 0.00000 0.00000 0.00000 0.00000 0.00000 0.00000 0.00000 0.00000 0.00000 0.00000 0.00000 0.00000 0.00000 0.00000 0.00000 0.00000 0.00000 0.00000 0.00000 0.00000 0.00000 0.00000 0.00000 0.00000 0.00000
0.37114 0.42384 0.47533 0.52700 0.00000 0.00000 0.00000 0.00000 0.00000 0.00000 0.00000 0.00000 0.00000 0.00000 0.00000 0.00000 0.00000 0.00000 0.00000 0.00000 0.00000 0.00000 0.00000 0.00000 0.00000 0.00000 0.00000 0.00000 0.00000 0.00000 0.00000 0.00000 0.00000 0.00000
0.40685 0.45796 0.50830 0.00000 0.00000 0.00000 0.00000 0.00000 0.00000 0.00000 0.00000 0.00000 0.00000 0.00000 0.00000 0.00000 0.00000 0.00000 0.00000 0.00000 0.00000 0.00000 0.00000 0.00000 0.00000 0.00000 0.00000 0.00000 0.00000 0.00000 0.00000 0.00000 0.00000 0.00000
0.44412 0.49308 0.00000 0.00000 0.00000 0.00000 0.00000 0.00000 0.00000 0.00000 0.00000 0.00000 0.00000 0.00000 0.00000 0.00000 0.00000 0.00000 0.00000 0.00000 0.00000 0.00000 0.00000 0.00000 0.00000 0.00000 0.00000 0.00000 0.00000 0.00000 0.00000 0.00000 0.00000 0.00000
0.48100 0.00000 0.00000 0.00000 0.00000 0.00000 0.00000 0.00000 0.00000 0.00000 0.00000 0.00000 0.00000 0.00000 0.00000 0.00000 0.00000 0.00000 0.00000 0.00000 0.00000 0.00000 0.00000 0.00000 0.00000 0.00000 0.00000 0.00000 0.00000 0.00000 0.00000 0.00000 0.00000 0.00000
>>>>>>> 00fd3ba (upload project)
