<<<<<<< HEAD
0.48977 0.44304 0.40801 0.38209 0.36360 0.35149 0.34505 0.34377 0.34729 0.35532 0.36766 0.38432 0.40581 0.43343 0.46968 0.51850 0.58516 0.67693 0.80450 0.98807 1.27084 1.77154
0.43175 0.38666 0.35425 0.33136 0.31606 0.30716 0.30388 0.30570 0.31222 0.32315 0.33832 0.35778 0.38208 0.41269 0.45228 0.50496 0.57618 0.67330 0.80711 0.99809 1.29037 0.00000
0.36276 0.32198 0.29454 0.27670 0.26632 0.26211 0.26327 0.26928 0.27975 0.29444 0.31321 0.33624 0.36430 0.39913 0.44370 0.50236 0.58059 0.68552 0.82749 1.02658 0.00000 0.00000
0.29619 0.26173 0.24102 0.22970 0.22544 0.22692 0.23336 0.24425 0.25927 0.27822 0.30111 0.32835 0.36107 0.40144 0.45280 0.51962 0.60704 0.72150 0.87216 0.00000 0.00000 0.00000
0.23433 0.20895 0.19710 0.19387 0.19692 0.20499 0.21740 0.23372 0.25371 0.27732 0.30477 0.33686 0.37517 0.42241 0.48211 0.55852 0.65597 0.77958 0.00000 0.00000 0.00000 0.00000
0.17667 0.16529 0.16528 0.17199 0.18351 0.19894 0.21780 0.23988 0.26508 0.29360 0.32599 0.36354 0.40833 0.46343 0.53225 0.61831 0.72448 0.00000 0.00000 0.00000 0.00000 0.00000
0.12211 0.13487 0.15081 0.16926 0.19001 0.21305 0.23837 0.26609 0.29640 0.32985 0.36740 0.41084 0.46262 0.52583 0.60328 0.69705 0.00000 0.00000 0.00000 0.00000 0.00000 0.00000
0.06987 0.13249 0.16762 0.19734 0.22609 0.25538 0.28590 0.31821 0.35281 0.39066 0.43310 0.48229 0.54069 0.61099 0.69459 0.00000 0.00000 0.00000 0.00000 0.00000 0.00000 0.00000
0.00000 0.23531 0.25901 0.28453 0.31190 0.34115 0.37238 0.40599 0.44249 0.48297 0.52890 0.58241 0.64554 0.71968 0.00000 0.00000 0.00000 0.00000 0.00000 0.00000 0.00000 0.00000
0.02911 0.15498 0.21425 0.25816 0.29695 0.33409 0.37119 0.40946 0.44983 0.49361 0.54217 0.59730 0.65989 0.00000 0.00000 0.00000 0.00000 0.00000 0.00000 0.00000 0.00000 0.00000
0.07621 0.16130 0.21794 0.26415 0.30595 0.34602 0.38579 0.42648 0.46891 0.51422 0.56345 0.61736 0.00000 0.00000 0.00000 0.00000 0.00000 0.00000 0.00000 0.00000 0.00000 0.00000
0.12192 0.18817 0.24003 0.28546 0.32787 0.36906 0.41008 0.45190 0.49503 0.54030 0.58776 0.00000 0.00000 0.00000 0.00000 0.00000 0.00000 0.00000 0.00000 0.00000 0.00000 0.00000
0.16644 0.22250 0.27065 0.31489 0.35722 0.39879 0.44020 0.48210 0.52462 0.56772 0.00000 0.00000 0.00000 0.00000 0.00000 0.00000 0.00000 0.00000 0.00000 0.00000 0.00000 0.00000
0.20995 0.26009 0.30568 0.34893 0.39095 0.43237 0.47337 0.51424 0.55428 0.00000 0.00000 0.00000 0.00000 0.00000 0.00000 0.00000 0.00000 0.00000 0.00000 0.00000 0.00000 0.00000
0.25268 0.29924 0.34314 0.38557 0.42703 0.46767 0.50733 0.54548 0.00000 0.00000 0.00000 0.00000 0.00000 0.00000 0.00000 0.00000 0.00000 0.00000 0.00000 0.00000 0.00000 0.00000
0.29483 0.33919 0.38189 0.42345 0.46387 0.50294 0.53968 0.00000 0.00000 0.00000 0.00000 0.00000 0.00000 0.00000 0.00000 0.00000 0.00000 0.00000 0.00000 0.00000 0.00000 0.00000
0.33654 0.37943 0.42104 0.46137 0.50004 0.53606 0.00000 0.00000 0.00000 0.00000 0.00000 0.00000 0.00000 0.00000 0.00000 0.00000 0.00000 0.00000 0.00000 0.00000 0.00000 0.00000
0.37783 0.41947 0.45971 0.49818 0.53369 0.00000 0.00000 0.00000 0.00000 0.00000 0.00000 0.00000 0.00000 0.00000 0.00000 0.00000 0.00000 0.00000 0.00000 0.00000 0.00000 0.00000
0.41849 0.45867 0.49694 0.53219 0.00000 0.00000 0.00000 0.00000 0.00000 0.00000 0.00000 0.00000 0.00000 0.00000 0.00000 0.00000 0.00000 0.00000 0.00000 0.00000 0.00000 0.00000
0.45804 0.49620 0.53120 0.00000 0.00000 0.00000 0.00000 0.00000 0.00000 0.00000 0.00000 0.00000 0.00000 0.00000 0.00000 0.00000 0.00000 0.00000 0.00000 0.00000 0.00000 0.00000
0.49576 0.53062 0.00000 0.00000 0.00000 0.00000 0.00000 0.00000 0.00000 0.00000 0.00000 0.00000 0.00000 0.00000 0.00000 0.00000 0.00000 0.00000 0.00000 0.00000 0.00000 0.00000
0.53029 0.00000 0.00000 0.00000 0.00000 0.00000 0.00000 0.00000 0.00000 0.00000 0.00000 0.00000 0.00000 0.00000 0.00000 0.00000 0.00000 0.00000 0.00000 0.00000 0.00000 0.00000
=======
0.32659 0.29938 0.27636 0.25664 0.23956 0.22465 0.21154 0.19999 0.18981 0.18089 0.17321 0.16681 0.16179 0.15835 0.15671 0.15715 0.15996 0.16544 0.17386 0.18554 0.20093 0.22092 0.24726 0.28310 0.33311 0.40302 0.50472 0.68334
0.26594 0.24177 0.22163 0.20460 0.19002 0.17742 0.16646 0.15688 0.14854 0.14135 0.13529 0.13043 0.12690 0.12490 0.12468 0.12654 0.13077 0.13768 0.14755 0.16069 0.17756 0.19908 0.22704 0.26468 0.31674 0.38910 0.49382 0.00000
0.20119 0.18108 0.16463 0.15094 0.13938 0.12951 0.12103 0.11374 0.10752 0.10230 0.09813 0.09509 0.09336 0.09316 0.09476 0.09848 0.10463 0.11348 0.12532 0.14044 0.15929 0.18278 0.21277 0.25256 0.30697 0.38190 0.00000 0.00000
0.14332 0.12741 0.11469 0.10431 0.09570 0.08848 0.08240 0.07732 0.07316 0.06994 0.06772 0.06666 0.06697 0.06892 0.07280 0.07894 0.08761 0.09907 0.11354 0.13127 0.15264 0.17859 0.21098 0.25319 0.31006 0.00000 0.00000 0.00000
0.09747 0.08532 0.07588 0.06838 0.06232 0.05738 0.05340 0.05028 0.04804 0.04673 0.04652 0.04761 0.05026 0.05478 0.06148 0.07065 0.08253 0.09729 0.11503 0.13591 0.16025 0.18891 0.22384 0.26842 0.00000 0.00000 0.00000 0.00000
0.06431 0.05518 0.04839 0.04319 0.03917 0.03611 0.03389 0.03251 0.03206 0.03270 0.03464 0.03816 0.04357 0.05119 0.06130 0.07413 0.08983 0.10843 0.12988 0.15418 0.18155 0.21284 0.25001 0.00000 0.00000 0.00000 0.00000 0.00000
0.04156 0.03477 0.03003 0.02665 0.02429 0.02280 0.02217 0.02249 0.02393 0.02672 0.03117 0.03759 0.04632 0.05764 0.07177 0.08883 0.10880 0.13153 0.15677 0.18436 0.21442 0.24781 0.00000 0.00000 0.00000 0.00000 0.00000 0.00000
0.02617 0.02125 0.01821 0.01637 0.01550 0.01554 0.01658 0.01881 0.02248 0.02791 0.03546 0.04544 0.05817 0.07386 0.09258 0.11429 0.13874 0.16555 0.19425 0.22458 0.25661 0.00000 0.00000 0.00000 0.00000 0.00000 0.00000 0.00000
0.01550 0.01237 0.01097 0.01070 0.01144 0.01325 0.01634 0.02099 0.02754 0.03636 0.04781 0.06217 0.07965 0.10032 0.12407 0.15059 0.17936 0.20979 0.24125 0.27340 0.00000 0.00000 0.00000 0.00000 0.00000 0.00000 0.00000 0.00000
0.00767 0.00690 0.00752 0.00919 0.01198 0.01613 0.02197 0.02986 0.04021 0.05339 0.06968 0.08927 0.11219 0.13830 0.16719 0.19829 0.23080 0.26396 0.29708 0.00000 0.00000 0.00000 0.00000 0.00000 0.00000 0.00000 0.00000 0.00000
0.00139 0.00538 0.00887 0.01314 0.01872 0.02607 0.03564 0.04785 0.06310 0.08168 0.10374 0.12928 0.15808 0.18967 0.22336 0.25827 0.29344 0.32802 0.00000 0.00000 0.00000 0.00000 0.00000 0.00000 0.00000 0.00000 0.00000 0.00000
0.00000 0.01585 0.02089 0.02761 0.03642 0.04774 0.06201 0.07959 0.10074 0.12559 0.15406 0.18584 0.22038 0.25688 0.29431 0.33164 0.36782 0.00000 0.00000 0.00000 0.00000 0.00000 0.00000 0.00000 0.00000 0.00000 0.00000 0.00000
0.00998 0.01795 0.02565 0.03495 0.04657 0.06103 0.07875 0.10001 0.12493 0.15347 0.18530 0.21989 0.25642 0.29386 0.33114 0.36722 0.00000 0.00000 0.00000 0.00000 0.00000 0.00000 0.00000 0.00000 0.00000 0.00000 0.00000 0.00000
0.01639 0.02461 0.03417 0.04594 0.06052 0.07830 0.09961 0.12458 0.15314 0.18502 0.21963 0.25617 0.29363 0.33090 0.36691 0.00000 0.00000 0.00000 0.00000 0.00000 0.00000 0.00000 0.00000 0.00000 0.00000 0.00000 0.00000 0.00000
0.02407 0.03376 0.04562 0.06025 0.07808 0.09941 0.12440 0.15298 0.18485 0.21949 0.25604 0.29351 0.33078 0.36676 0.00000 0.00000 0.00000 0.00000 0.00000 0.00000 0.00000 0.00000 0.00000 0.00000 0.00000 0.00000 0.00000 0.00000
0.03355 0.04545 0.06011 0.07796 0.09932 0.12431 0.15289 0.18478 0.21941 0.25598 0.29344 0.33072 0.36670 0.00000 0.00000 0.00000 0.00000 0.00000 0.00000 0.00000 0.00000 0.00000 0.00000 0.00000 0.00000 0.00000 0.00000 0.00000
0.04537 0.06004 0.07791 0.09927 0.12428 0.15286 0.18474 0.21938 0.25593 0.29342 0.33068 0.36667 0.00000 0.00000 0.00000 0.00000 0.00000 0.00000 0.00000 0.00000 0.00000 0.00000 0.00000 0.00000 0.00000 0.00000 0.00000 0.00000
0.06001 0.07787 0.09925 0.12426 0.15286 0.18473 0.21935 0.25592 0.29338 0.33067 0.36665 0.00000 0.00000 0.00000 0.00000 0.00000 0.00000 0.00000 0.00000 0.00000 0.00000 0.00000 0.00000 0.00000 0.00000 0.00000 0.00000 0.00000
0.07786 0.09923 0.12425 0.15285 0.18474 0.21936 0.25591 0.29338 0.33064 0.36664 0.00000 0.00000 0.00000 0.00000 0.00000 0.00000 0.00000 0.00000 0.00000 0.00000 0.00000 0.00000 0.00000 0.00000 0.00000 0.00000 0.00000 0.00000
0.09922 0.12424 0.15284 0.18474 0.21937 0.25591 0.29337 0.33065 0.36662 0.00000 0.00000 0.00000 0.00000 0.00000 0.00000 0.00000 0.00000 0.00000 0.00000 0.00000 0.00000 0.00000 0.00000 0.00000 0.00000 0.00000 0.00000 0.00000
0.12423 0.15284 0.18473 0.21937 0.25593 0.29338 0.33064 0.36663 0.00000 0.00000 0.00000 0.00000 0.00000 0.00000 0.00000 0.00000 0.00000 0.00000 0.00000 0.00000 0.00000 0.00000 0.00000 0.00000 0.00000 0.00000 0.00000 0.00000
0.15283 0.18473 0.21937 0.25593 0.29339 0.33065 0.36661 0.00000 0.00000 0.00000 0.00000 0.00000 0.00000 0.00000 0.00000 0.00000 0.00000 0.00000 0.00000 0.00000 0.00000 0.00000 0.00000 0.00000 0.00000 0.00000 0.00000 0.00000
0.18472 0.21936 0.25593 0.29339 0.33066 0.36663 0.00000 0.00000 0.00000 0.00000 0.00000 0.00000 0.00000 0.00000 0.00000 0.00000 0.00000 0.00000 0.00000 0.00000 0.00000 0.00000 0.00000 0.00000 0.00000 0.00000 0.00000 0.00000
0.21935 0.25593 0.29339 0.33066 0.36664 0.00000 0.00000 0.00000 0.00000 0.00000 0.00000 0.00000 0.00000 0.00000 0.00000 0.00000 0.00000 0.00000 0.00000 0.00000 0.00000 0.00000 0.00000 0.00000 0.00000 0.00000 0.00000 0.00000
0.25591 0.29339 0.33066 0.36664 0.00000 0.00000 0.00000 0.00000 0.00000 0.00000 0.00000 0.00000 0.00000 0.00000 0.00000 0.00000 0.00000 0.00000 0.00000 0.00000 0.00000 0.00000 0.00000 0.00000 0.00000 0.00000 0.00000 0.00000
0.29337 0.33066 0.36664 0.00000 0.00000 0.00000 0.00000 0.00000 0.00000 0.00000 0.00000 0.00000 0.00000 0.00000 0.00000 0.00000 0.00000 0.00000 0.00000 0.00000 0.00000 0.00000 0.00000 0.00000 0.00000 0.00000 0.00000 0.00000
0.33064 0.36664 0.00000 0.00000 0.00000 0.00000 0.00000 0.00000 0.00000 0.00000 0.00000 0.00000 0.00000 0.00000 0.00000 0.00000 0.00000 0.00000 0.00000 0.00000 0.00000 0.00000 0.00000 0.00000 0.00000 0.00000 0.00000 0.00000
0.36662 0.00000 0.00000 0.00000 0.00000 0.00000 0.00000 0.00000 0.00000 0.00000 0.00000 0.00000 0.00000 0.00000 0.00000 0.00000 0.00000 0.00000 0.00000 0.00000 0.00000 0.00000 0.00000 0.00000 0.00000 0.00000 0.00000 0.00000
>>>>>>> 00fd3ba (upload project)
