<<<<<<< HEAD
0.38778 0.36396 0.34302 0.32464 0.30839 0.29399 0.28122 0.26995 0.26012 0.25153 0.24417 0.23803 0.23305 0.22922 0.22672 0.22555 0.22582 0.22768 0.23116 0.23657 0.24408 0.25394 0.26637 0.28162 0.30003 0.32177 0.34746 0.37769 0.41328 0.45568 0.50672 0.56872 0.64354 0.73379 0.84296 0.97753 1.15169 1.39955 1.81321 2.65548
0.35833 0.33498 0.31464 0.29697 0.28151 0.26793 0.25601 0.24563 0.23671 0.22904 0.22262 0.21745 0.21345 0.21063 0.20915 0.20903 0.21038 0.21336 0.21800 0.22461 0.23339 0.24458 0.25841 0.27514 0.29514 0.31860 0.34617 0.37847 0.41633 0.46120 0.51485 0.57951 0.65695 0.74977 0.86157 0.99925 1.17787 1.43251 1.85470 0.00000
0.32983 0.30699 0.28734 0.27047 0.25588 0.24323 0.23229 0.22290 0.21502 0.20841 0.20308 0.19902 0.19617 0.19452 0.19426 0.19538 0.19802 0.20233 0.20836 0.21643 0.22673 0.23954 0.25508 0.27362 0.29557 0.32114 0.35099 0.38578 0.42635 0.47411 0.53075 0.59838 0.67870 0.77427 0.88888 1.02999 1.21357 1.47445 0.00000 0.00000
0.30257 0.28028 0.26138 0.24539 0.23178 0.22017 0.21030 0.20204 0.19532 0.18991 0.18580 0.18301 0.18146 0.18115 0.18226 0.18482 0.18893 0.19477 0.20241 0.21216 0.22424 0.23893 0.25646 0.27711 0.30133 0.32930 0.36173 0.39928 0.44279 0.49361 0.55334 0.62401 0.70720 0.80554 0.92306 1.06781 1.25567 0.00000 0.00000 0.00000
0.27618 0.25453 0.23650 0.22153 0.20903 0.19860 0.18996 0.18297 0.17756 0.17349 0.17078 0.16941 0.16933 0.17053 0.17319 0.17735 0.18313 0.19070 0.20015 0.21182 0.22593 0.24276 0.26256 0.28559 0.31232 0.34293 0.37811 0.41856 0.46505 0.51889 0.58161 0.65515 0.74109 0.84211 0.96253 1.11016 0.00000 0.00000 0.00000 0.00000
0.25046 0.22958 0.21259 0.19882 0.18762 0.17854 0.17132 0.16577 0.16185 0.15930 0.15815 0.15838 0.15994 0.16284 0.16723 0.17318 0.18082 0.19033 0.20182 0.21564 0.23201 0.25123 0.27354 0.29918 0.32860 0.36198 0.39997 0.44328 0.49263 0.54929 0.61475 0.69092 0.77938 0.88291 1.00536 0.00000 0.00000 0.00000 0.00000 0.00000
0.22529 0.20538 0.18967 0.17732 0.16765 0.16016 0.15456 0.15067 0.14843 0.14761 0.14821 0.15023 0.15362 0.15839 0.16470 0.17263 0.18233 0.19399 0.20774 0.22394 0.24281 0.26465 0.28965 0.31805 0.35025 0.38640 0.42714 0.47313 0.52510 0.58429 0.65216 0.73067 0.82138 0.92642 0.00000 0.00000 0.00000 0.00000 0.00000 0.00000
0.20058 0.18196 0.16783 0.15723 0.14937 0.14374 0.14001 0.13801 0.13769 0.13880 0.14136 0.14537 0.15078 0.15761 0.16604 0.17615 0.18811 0.20213 0.21836 0.23716 0.25874 0.28336 0.31119 0.34239 0.37735 0.41615 0.45942 0.50783 0.56211 0.62348 0.69344 0.77396 0.86582 0.00000 0.00000 0.00000 0.00000 0.00000 0.00000 0.00000
0.17630 0.15940 0.14730 0.13882 0.13314 0.12969 0.12812 0.12830 0.13013 0.13341 0.13814 0.14433 0.15197 0.16106 0.17179 0.18428 0.19871 0.21531 0.23423 0.25581 0.28024 0.30775 0.33842 0.37236 0.40990 0.45113 0.49664 0.54713 0.60337 0.66659 0.73831 0.81966 0.00000 0.00000 0.00000 0.00000 0.00000 0.00000 0.00000 0.00000
0.15240 0.13789 0.12840 0.12258 0.11951 0.11861 0.11955 0.12218 0.12642 0.13211 0.13923 0.14781 0.15786 0.16940 0.18263 0.19770 0.21480 0.23416 0.25593 0.28043 0.30778 0.33815 0.37155 0.40803 0.44790 0.49122 0.53862 0.59084 0.64869 0.71343 0.78565 0.00000 0.00000 0.00000 0.00000 0.00000 0.00000 0.00000 0.00000 0.00000
0.12885 0.11775 0.11172 0.10920 0.10927 0.11136 0.11514 0.12053 0.12745 0.13578 0.14549 0.15666 0.16930 0.18346 0.19938 0.21720 0.23714 0.25940 0.28413 0.31157 0.34179 0.37488 0.41076 0.44948 0.49130 0.53633 0.58526 0.63886 0.69798 0.76292 0.00000 0.00000 0.00000 0.00000 0.00000 0.00000 0.00000 0.00000 0.00000 0.00000
0.10558 0.09960 0.09821 0.09982 0.10364 0.10915 0.11614 0.12456 0.13440 0.14555 0.15803 0.17194 0.18734 0.20428 0.22302 0.24374 0.26662 0.29185 0.31952 0.34980 0.38268 0.41819 0.45620 0.49673 0.54009 0.58644 0.63651 0.69113 0.75015 0.00000 0.00000 0.00000 0.00000 0.00000 0.00000 0.00000 0.00000 0.00000 0.00000 0.00000
0.08254 0.08473 0.08964 0.09636 0.10452 0.11386 0.12433 0.13597 0.14886 0.16296 0.17831 0.19507 0.21331 0.23312 0.25477 0.27842 0.30424 0.33236 0.36282 0.39567 0.43086 0.46835 0.50802 0.54990 0.59435 0.64160 0.69244 0.74662 0.00000 0.00000 0.00000 0.00000 0.00000 0.00000 0.00000 0.00000 0.00000 0.00000 0.00000 0.00000
0.05965 0.07619 0.08960 0.10230 0.11515 0.12844 0.14239 0.15722 0.17312 0.19012 0.20830 0.22787 0.24893 0.27158 0.29608 0.32257 0.35116 0.38192 0.41479 0.44976 0.48673 0.52566 0.56644 0.60915 0.65424 0.70197 0.75199 0.00000 0.00000 0.00000 0.00000 0.00000 0.00000 0.00000 0.00000 0.00000 0.00000 0.00000 0.00000 0.00000
0.03684 0.08331 0.10655 0.12468 0.14139 0.15784 0.17458 0.19203 0.21045 0.22997 0.25066 0.27277 0.29641 0.32165 0.34873 0.37773 0.40869 0.44157 0.47626 0.51270 0.55078 0.59050 0.63179 0.67480 0.72003 0.76651 0.00000 0.00000 0.00000 0.00000 0.00000 0.00000 0.00000 0.00000 0.00000 0.00000 0.00000 0.00000 0.00000 0.00000
0.00000 0.15294 0.16600 0.17997 0.19497 0.21099 0.22803 0.24626 0.26584 0.28681 0.30914 0.33308 0.35866 0.38590 0.41493 0.44576 0.47833 0.51253 0.54820 0.58527 0.62364 0.66343 0.70458 0.74728 0.79075 0.00000 0.00000 0.00000 0.00000 0.00000 0.00000 0.00000 0.00000 0.00000 0.00000 0.00000 0.00000 0.00000 0.00000 0.00000
0.00885 0.09387 0.13189 0.15886 0.18205 0.20390 0.22542 0.24730 0.26997 0.29365 0.31839 0.34448 0.37195 0.40078 0.43108 0.46278 0.49579 0.53001 0.56528 0.60158 0.63892 0.67745 0.71716 0.75689 0.00000 0.00000 0.00000 0.00000 0.00000 0.00000 0.00000 0.00000 0.00000 0.00000 0.00000 0.00000 0.00000 0.00000 0.00000 0.00000
0.03187 0.09049 0.12781 0.15717 0.18311 0.20758 0.23154 0.25564 0.28037 0.30596 0.33246 0.36010 0.38890 0.41875 0.44972 0.48171 0.51462 0.54835 0.58282 0.61806 0.65414 0.69126 0.72805 0.00000 0.00000 0.00000 0.00000 0.00000 0.00000 0.00000 0.00000 0.00000 0.00000 0.00000 0.00000 0.00000 0.00000 0.00000 0.00000 0.00000
0.05510 0.10120 0.13589 0.16534 0.19228 0.21811 0.24355 0.26917 0.29537 0.32237 0.35013 0.37885 0.40846 0.43882 0.46993 0.50171 0.53406 0.56694 0.60033 0.63432 0.66900 0.70324 0.00000 0.00000 0.00000 0.00000 0.00000 0.00000 0.00000 0.00000 0.00000 0.00000 0.00000 0.00000 0.00000 0.00000 0.00000 0.00000 0.00000 0.00000
0.07859 0.11774 0.15021 0.17929 0.20666 0.23332 0.25980 0.28651 0.31381 0.34183 0.37045 0.39980 0.42975 0.46013 0.49093 0.52208 0.55354 0.58533 0.61747 0.65009 0.68193 0.00000 0.00000 0.00000 0.00000 0.00000 0.00000 0.00000 0.00000 0.00000 0.00000 0.00000 0.00000 0.00000 0.00000 0.00000 0.00000 0.00000 0.00000 0.00000
0.10241 0.13738 0.16828 0.19700 0.22463 0.25191 0.27918 0.30673 0.33481 0.36351 0.39260 0.42215 0.45200 0.48198 0.51210 0.54232 0.57267 0.60321 0.63401 0.66382 0.00000 0.00000 0.00000 0.00000 0.00000 0.00000 0.00000 0.00000 0.00000 0.00000 0.00000 0.00000 0.00000 0.00000 0.00000 0.00000 0.00000 0.00000 0.00000 0.00000
0.12661 0.15899 0.18885 0.21738 0.24525 0.27303 0.30092 0.32907 0.35767 0.38670 0.41588 0.44523 0.47459 0.50383 0.53298 0.56208 0.59119 0.62040 0.64842 0.00000 0.00000 0.00000 0.00000 0.00000 0.00000 0.00000 0.00000 0.00000 0.00000 0.00000 0.00000 0.00000 0.00000 0.00000 0.00000 0.00000 0.00000 0.00000 0.00000 0.00000
0.15124 0.18203 0.21127 0.23974 0.26788 0.29608 0.32441 0.35295 0.38174 0.41077 0.43966 0.46846 0.49702 0.52525 0.55327 0.58113 0.60893 0.63540 0.00000 0.00000 0.00000 0.00000 0.00000 0.00000 0.00000 0.00000 0.00000 0.00000 0.00000 0.00000 0.00000 0.00000 0.00000 0.00000 0.00000 0.00000 0.00000 0.00000 0.00000 0.00000
0.17636 0.20619 0.23513 0.26366 0.29204 0.32055 0.34914 0.37779 0.40648 0.43515 0.46343 0.49138 0.51890 0.54599 0.57277 0.59933 0.62441 0.00000 0.00000 0.00000 0.00000 0.00000 0.00000 0.00000 0.00000 0.00000 0.00000 0.00000 0.00000 0.00000 0.00000 0.00000 0.00000 0.00000 0.00000 0.00000 0.00000 0.00000 0.00000 0.00000
0.20200 0.23130 0.26014 0.28879 0.31736 0.34601 0.37463 0.40310 0.43136 0.45937 0.48676 0.51365 0.54000 0.56586 0.59136 0.61523 0.00000 0.00000 0.00000 0.00000 0.00000 0.00000 0.00000 0.00000 0.00000 0.00000 0.00000 0.00000 0.00000 0.00000 0.00000 0.00000 0.00000 0.00000 0.00000 0.00000 0.00000 0.00000 0.00000 0.00000
0.22818 0.25724 0.28607 0.31483 0.34345 0.37205 0.40042 0.42841 0.45595 0.48305 0.50937 0.53507 0.56019 0.58477 0.60759 0.00000 0.00000 0.00000 0.00000 0.00000 0.00000 0.00000 0.00000 0.00000 0.00000 0.00000 0.00000 0.00000 0.00000 0.00000 0.00000 0.00000 0.00000 0.00000 0.00000 0.00000 0.00000 0.00000 0.00000 0.00000
0.25488 0.28385 0.31270 0.34146 0.36996 0.39825 0.42609 0.45333 0.47992 0.50591 0.53105 0.55552 0.57936 0.60129 0.00000 0.00000 0.00000 0.00000 0.00000 0.00000 0.00000 0.00000 0.00000 0.00000 0.00000 0.00000 0.00000 0.00000 0.00000 0.00000 0.00000 0.00000 0.00000 0.00000 0.00000 0.00000 0.00000 0.00000 0.00000 0.00000
0.28206 0.31097 0.33976 0.36836 0.39650 0.42422 0.45127 0.47753 0.50301 0.52780 0.55171 0.57491 0.59611 0.00000 0.00000 0.00000 0.00000 0.00000 0.00000 0.00000 0.00000 0.00000 0.00000 0.00000 0.00000 0.00000 0.00000 0.00000 0.00000 0.00000 0.00000 0.00000 0.00000 0.00000 0.00000 0.00000 0.00000 0.00000 0.00000 0.00000
0.30960 0.33840 0.36698 0.39520 0.42273 0.44963 0.47568 0.50081 0.52508 0.54863 0.57128 0.59185 0.00000 0.00000 0.00000 0.00000 0.00000 0.00000 0.00000 0.00000 0.00000 0.00000 0.00000 0.00000 0.00000 0.00000 0.00000 0.00000 0.00000 0.00000 0.00000 0.00000 0.00000 0.00000 0.00000 0.00000 0.00000 0.00000 0.00000 0.00000
0.33733 0.36589 0.39404 0.42163 0.44832 0.47420 0.49911 0.52303 0.54605 0.56836 0.58839 0.00000 0.00000 0.00000 0.00000 0.00000 0.00000 0.00000 0.00000 0.00000 0.00000 0.00000 0.00000 0.00000 0.00000 0.00000 0.00000 0.00000 0.00000 0.00000 0.00000 0.00000 0.00000 0.00000 0.00000 0.00000 0.00000 0.00000 0.00000 0.00000
0.36503 0.39314 0.42063 0.44738 0.47303 0.49776 0.52144 0.54412 0.56589 0.58559 0.00000 0.00000 0.00000 0.00000 0.00000 0.00000 0.00000 0.00000 0.00000 0.00000 0.00000 0.00000 0.00000 0.00000 0.00000 0.00000 0.00000 0.00000 0.00000 0.00000 0.00000 0.00000 0.00000 0.00000 0.00000 0.00000 0.00000 0.00000 0.00000 0.00000
0.39244 0.41987 0.44649 0.47219 0.49669 0.52019 0.54263 0.56406 0.58323 0.00000 0.00000 0.00000 0.00000 0.00000 0.00000 0.00000 0.00000 0.00000 0.00000 0.00000 0.00000 0.00000 0.00000 0.00000 0.00000 0.00000 0.00000 0.00000 0.00000 0.00000 0.00000 0.00000 0.00000 0.00000 0.00000 0.00000 0.00000 0.00000 0.00000 0.00000
0.41929 0.44583 0.47138 0.49592 0.51919 0.54145 0.56265 0.58148 0.00000 0.00000 0.00000 0.00000 0.00000 0.00000 0.00000 0.00000 0.00000 0.00000 0.00000 0.00000 0.00000 0.00000 0.00000 0.00000 0.00000 0.00000 0.00000 0.00000 0.00000 0.00000 0.00000 0.00000 0.00000 0.00000 0.00000 0.00000 0.00000 0.00000 0.00000 0.00000
0.44533 0.47079 0.49516 0.51848 0.54052 0.56153 0.58013 0.00000 0.00000 0.00000 0.00000 0.00000 0.00000 0.00000 0.00000 0.00000 0.00000 0.00000 0.00000 0.00000 0.00000 0.00000 0.00000 0.00000 0.00000 0.00000 0.00000 0.00000 0.00000 0.00000 0.00000 0.00000 0.00000 0.00000 0.00000 0.00000 0.00000 0.00000 0.00000 0.00000
0.47036 0.49463 0.51776 0.53984 0.56064 0.57906 0.00000 0.00000 0.00000 0.00000 0.00000 0.00000 0.00000 0.00000 0.00000 0.00000 0.00000 0.00000 0.00000 0.00000 0.00000 0.00000 0.00000 0.00000 0.00000 0.00000 0.00000 0.00000 0.00000 0.00000 0.00000 0.00000 0.00000 0.00000 0.00000 0.00000 0.00000 0.00000 0.00000 0.00000
0.49424 0.51727 0.53915 0.55999 0.57821 0.00000 0.00000 0.00000 0.00000 0.00000 0.00000 0.00000 0.00000 0.00000 0.00000 0.00000 0.00000 0.00000 0.00000 0.00000 0.00000 0.00000 0.00000 0.00000 0.00000 0.00000 0.00000 0.00000 0.00000 0.00000 0.00000 0.00000 0.00000 0.00000 0.00000 0.00000 0.00000 0.00000 0.00000 0.00000
0.51692 0.53870 0.55934 0.57760 0.00000 0.00000 0.00000 0.00000 0.00000 0.00000 0.00000 0.00000 0.00000 0.00000 0.00000 0.00000 0.00000 0.00000 0.00000 0.00000 0.00000 0.00000 0.00000 0.00000 0.00000 0.00000 0.00000 0.00000 0.00000 0.00000 0.00000 0.00000 0.00000 0.00000 0.00000 0.00000 0.00000 0.00000 0.00000 0.00000
0.53837 0.55891 0.57696 0.00000 0.00000 0.00000 0.00000 0.00000 0.00000 0.00000 0.00000 0.00000 0.00000 0.00000 0.00000 0.00000 0.00000 0.00000 0.00000 0.00000 0.00000 0.00000 0.00000 0.00000 0.00000 0.00000 0.00000 0.00000 0.00000 0.00000 0.00000 0.00000 0.00000 0.00000 0.00000 0.00000 0.00000 0.00000 0.00000 0.00000
0.55861 0.57656 0.00000 0.00000 0.00000 0.00000 0.00000 0.00000 0.00000 0.00000 0.00000 0.00000 0.00000 0.00000 0.00000 0.00000 0.00000 0.00000 0.00000 0.00000 0.00000 0.00000 0.00000 0.00000 0.00000 0.00000 0.00000 0.00000 0.00000 0.00000 0.00000 0.00000 0.00000 0.00000 0.00000 0.00000 0.00000 0.00000 0.00000 0.00000
0.57627 0.00000 0.00000 0.00000 0.00000 0.00000 0.00000 0.00000 0.00000 0.00000 0.00000 0.00000 0.00000 0.00000 0.00000 0.00000 0.00000 0.00000 0.00000 0.00000 0.00000 0.00000 0.00000 0.00000 0.00000 0.00000 0.00000 0.00000 0.00000 0.00000 0.00000 0.00000 0.00000 0.00000 0.00000 0.00000 0.00000 0.00000 0.00000 0.00000
=======
0.79705 0.79643 0.79651 0.79725 0.79854 0.80026 0.80233 0.80478 0.80766 0.81078 0.81418 0.81784 0.82169 0.82560 0.82991 0.83455 0.83956 0.84515 0.85112 0.85786 0.86558 0.87463 0.88532 0.89815 0.91399 0.93345 0.95802 0.98892 1.02761 1.07610 1.13676 1.21245 1.30510 1.41899 1.56131 1.74792 2.01507 2.44375 3.20742 4.67980
0.79193 0.79146 0.79168 0.79259 0.79405 0.79593 0.79817 0.80079 0.80384 0.80715 0.81071 0.81454 0.81855 0.82261 0.82709 0.83189 0.83706 0.84281 0.84895 0.85586 0.86377 0.87303 0.88395 0.89704 0.91318 0.93300 0.95801 0.98943 1.02876 1.07804 1.13965 1.21651 1.31057 1.42617 1.57067 1.76030 2.03221 2.46898 3.24545 0.00000
0.78641 0.78612 0.78653 0.78763 0.78930 0.79138 0.79383 0.79665 0.79991 0.80341 0.80718 0.81120 0.81540 0.81964 0.82431 0.82928 0.83464 0.84058 0.84691 0.85402 0.86214 0.87163 0.88281 0.89618 0.91266 0.93287 0.95835 0.99035 1.03038 1.08050 1.14315 1.22129 1.31690 1.43445 1.58164 1.77550 2.05476 2.50337 0.00000 0.00000
0.78042 0.78033 0.78097 0.78230 0.78419 0.78651 0.78918 0.79223 0.79572 0.79944 0.80342 0.80765 0.81206 0.81650 0.82136 0.82654 0.83209 0.83824 0.84476 0.85209 0.86043 0.87017 0.88161 0.89528 0.91212 0.93274 0.95871 0.99132 1.03207 1.08309 1.14682 1.22631 1.32364 1.44360 1.59466 1.79546 2.08629 0.00000 0.00000 0.00000
0.77354 0.77370 0.77459 0.77618 0.77834 0.78092 0.78384 0.78715 0.79089 0.79486 0.79908 0.80354 0.80818 0.81283 0.81791 0.82330 0.82907 0.83543 0.84217 0.84972 0.85830 0.86829 0.88002 0.89401 0.91121 0.93225 0.95875 0.99197 1.03347 1.08541 1.15029 1.23128 1.33077 1.45436 1.61220 1.82461 0.00000 0.00000 0.00000 0.00000
0.76562 0.76608 0.76726 0.76916 0.77162 0.77450 0.77771 0.78130 0.78532 0.78956 0.79405 0.79877 0.80365 0.80854 0.81385 0.81947 0.82547 0.83207 0.83904 0.84683 0.85566 0.86592 0.87794 0.89226 0.90984 0.93132 0.95834 0.99221 1.03449 1.08739 1.15357 1.23651 1.33947 1.46979 1.63942 0.00000 0.00000 0.00000 0.00000 0.00000
0.75661 0.75741 0.75895 0.76119 0.76400 0.76721 0.77076 0.77466 0.77900 0.78354 0.78831 0.79332 0.79847 0.80361 0.80918 0.81505 0.82130 0.82815 0.83537 0.84341 0.85251 0.86305 0.87538 0.89004 0.90801 0.92994 0.95751 0.99204 1.03515 1.08918 1.15713 1.24339 1.35310 1.49544 0.00000 0.00000 0.00000 0.00000 0.00000 0.00000
0.74650 0.74772 0.74965 0.75230 0.75550 0.75910 0.76301 0.76727 0.77196 0.77683 0.78192 0.78724 0.79269 0.79810 0.80394 0.81008 0.81659 0.82372 0.83120 0.83951 0.84889 0.85973 0.87238 0.88740 0.90579 0.92818 0.95632 0.99158 1.03567 1.09133 1.16250 1.25549 1.37749 0.00000 0.00000 0.00000 0.00000 0.00000 0.00000 0.00000
0.73532 0.73702 0.73941 0.74253 0.74618 0.75020 0.75453 0.75918 0.76426 0.76950 0.77494 0.78060 0.78637 0.79207 0.79822 0.80465 0.81145 0.81887 0.82662 0.83522 0.84489 0.85605 0.86904 0.88443 0.90325 0.92613 0.95491 0.99105 1.03667 1.09546 1.17340 1.27887 0.00000 0.00000 0.00000 0.00000 0.00000 0.00000 0.00000 0.00000
0.72311 0.72536 0.72829 0.73193 0.73609 0.74060 0.74538 0.75047 0.75599 0.76163 0.76746 0.77349 0.77961 0.78564 0.79210 0.79884 0.80595 0.81368 0.82173 0.83063 0.84062 0.85211 0.86546 0.88123 0.90051 0.92395 0.95354 0.99112 1.03983 1.10545 1.19612 0.00000 0.00000 0.00000 0.00000 0.00000 0.00000 0.00000 0.00000 0.00000
0.70986 0.71277 0.71631 0.72055 0.72529 0.73034 0.73564 0.74122 0.74722 0.75330 0.75955 0.76599 0.77249 0.77887 0.78568 0.79276 0.80019 0.80826 0.81662 0.82585 0.83617 0.84801 0.86173 0.87792 0.89773 0.92191 0.95288 0.99355 1.04918 1.12778 0.00000 0.00000 0.00000 0.00000 0.00000 0.00000 0.00000 0.00000 0.00000 0.00000
0.69555 0.69922 0.70347 0.70840 0.71379 0.71946 0.72533 0.73145 0.73799 0.74456 0.75128 0.75815 0.76508 0.77183 0.77902 0.78646 0.79424 0.80266 0.81137 0.82093 0.83160 0.84381 0.85795 0.87462 0.89515 0.92067 0.95473 1.00247 1.07138 0.00000 0.00000 0.00000 0.00000 0.00000 0.00000 0.00000 0.00000 0.00000 0.00000 0.00000
0.68010 0.68465 0.68972 0.69544 0.70158 0.70794 0.71446 0.72119 0.72831 0.73543 0.74265 0.75002 0.75739 0.76456 0.77216 0.77999 0.78815 0.79695 0.80600 0.81593 0.82698 0.83960 0.85421 0.87156 0.89345 0.92210 0.96339 1.02476 0.00000 0.00000 0.00000 0.00000 0.00000 0.00000 0.00000 0.00000 0.00000 0.00000 0.00000 0.00000
0.66335 0.66895 0.67498 0.68162 0.68861 0.69576 0.70300 0.71040 0.71818 0.72589 0.73368 0.74158 0.74945 0.75708 0.76512 0.77337 0.78194 0.79113 0.80057 0.81089 0.82234 0.83544 0.85074 0.86944 0.89454 0.93063 0.98595 0.00000 0.00000 0.00000 0.00000 0.00000 0.00000 0.00000 0.00000 0.00000 0.00000 0.00000 0.00000 0.00000
0.64514 0.65198 0.65914 0.66683 0.67480 0.68284 0.69090 0.69905 0.70756 0.71594 0.72434 0.73283 0.74125 0.74938 0.75790 0.76660 0.77561 0.78523 0.79507 0.80582 0.81776 0.83156 0.84825 0.87023 0.90305 0.95363 0.00000 0.00000 0.00000 0.00000 0.00000 0.00000 0.00000 0.00000 0.00000 0.00000 0.00000 0.00000 0.00000 0.00000
0.62526 0.63357 0.64206 0.65098 0.66008 0.66915 0.67813 0.68712 0.69644 0.70556 0.71464 0.72378 0.73281 0.74148 0.75052 0.75971 0.76919 0.77927 0.78955 0.80081 0.81348 0.82869 0.84880 0.87877 0.92664 0.00000 0.00000 0.00000 0.00000 0.00000 0.00000 0.00000 0.00000 0.00000 0.00000 0.00000 0.00000 0.00000 0.00000 0.00000
0.60349 0.61357 0.62365 0.63400 0.64440 0.65464 0.66467 0.67462 0.68484 0.69477 0.70461 0.71447 0.72415 0.73342 0.74302 0.75274 0.76273 0.77330 0.78411 0.79613 0.81027 0.82902 0.85748 0.90309 0.00000 0.00000 0.00000 0.00000 0.00000 0.00000 0.00000 0.00000 0.00000 0.00000 0.00000 0.00000 0.00000 0.00000 0.00000 0.00000
0.57966 0.59187 0.60382 0.61585 0.62776 0.63935 0.65056 0.66159 0.67281 0.68365 0.69433 0.70496 0.71536 0.72528 0.73548 0.74578 0.75632 0.76748 0.77907 0.79263 0.81047 0.83789 0.88270 0.00000 0.00000 0.00000 0.00000 0.00000 0.00000 0.00000 0.00000 0.00000 0.00000 0.00000 0.00000 0.00000 0.00000 0.00000 0.00000 0.00000
0.55360 0.56838 0.58257 0.59656 0.61023 0.62336 0.63592 0.64816 0.66049 0.67234 0.68393 0.69541 0.70658 0.71720 0.72805 0.73897 0.75016 0.76217 0.77536 0.79277 0.81969 0.86413 0.00000 0.00000 0.00000 0.00000 0.00000 0.00000 0.00000 0.00000 0.00000 0.00000 0.00000 0.00000 0.00000 0.00000 0.00000 0.00000 0.00000 0.00000
0.52521 0.54310 0.55996 0.57627 0.59197 0.60684 0.62093 0.63453 0.64810 0.66105 0.67363 0.68602 0.69803 0.70940 0.72095 0.73259 0.74469 0.75840 0.77560 0.80249 0.84721 0.00000 0.00000 0.00000 0.00000 0.00000 0.00000 0.00000 0.00000 0.00000 0.00000 0.00000 0.00000 0.00000 0.00000 0.00000 0.00000 0.00000 0.00000 0.00000
0.49442 0.51611 0.53616 0.55517 0.57321 0.59009 0.60589 0.62101 0.63594 0.65009 0.66374 0.67711 0.69000 0.70218 0.71453 0.72716 0.74105 0.75895 0.78604 0.83155 0.00000 0.00000 0.00000 0.00000 0.00000 0.00000 0.00000 0.00000 0.00000 0.00000 0.00000 0.00000 0.00000 0.00000 0.00000 0.00000 0.00000 0.00000 0.00000 0.00000
0.46122 0.48757 0.51143 0.53363 0.55437 0.57352 0.59124 0.60803 0.62443 0.63988 0.65468 0.66907 0.68291 0.69599 0.70941 0.72392 0.74219 0.77041 0.81695 0.00000 0.00000 0.00000 0.00000 0.00000 0.00000 0.00000 0.00000 0.00000 0.00000 0.00000 0.00000 0.00000 0.00000 0.00000 0.00000 0.00000 0.00000 0.00000 0.00000 0.00000
0.42565 0.45775 0.48621 0.51214 0.53597 0.55767 0.57753 0.59614 0.61413 0.63095 0.64695 0.66243 0.67729 0.69155 0.70696 0.72603 0.75507 0.80360 0.00000 0.00000 0.00000 0.00000 0.00000 0.00000 0.00000 0.00000 0.00000 0.00000 0.00000 0.00000 0.00000 0.00000 0.00000 0.00000 0.00000 0.00000 0.00000 0.00000 0.00000 0.00000
0.38782 0.42710 0.46111 0.49139 0.51876 0.54332 0.56551 0.58608 0.60574 0.62400 0.64125 0.65789 0.67404 0.69040 0.71055 0.74083 0.79106 0.00000 0.00000 0.00000 0.00000 0.00000 0.00000 0.00000 0.00000 0.00000 0.00000 0.00000 0.00000 0.00000 0.00000 0.00000 0.00000 0.00000 0.00000 0.00000 0.00000 0.00000 0.00000 0.00000
0.34791 0.39623 0.43697 0.47236 0.50372 0.53143 0.55613 0.57877 0.60015 0.61988 0.63843 0.65647 0.67484 0.69614 0.72795 0.78033 0.00000 0.00000 0.00000 0.00000 0.00000 0.00000 0.00000 0.00000 0.00000 0.00000 0.00000 0.00000 0.00000 0.00000 0.00000 0.00000 0.00000 0.00000 0.00000 0.00000 0.00000 0.00000 0.00000 0.00000
0.30612 0.36605 0.41500 0.45634 0.49219 0.52332 0.55064 0.57537 0.59848 0.61969 0.63975 0.66011 0.68361 0.71704 0.77188 0.00000 0.00000 0.00000 0.00000 0.00000 0.00000 0.00000 0.00000 0.00000 0.00000 0.00000 0.00000 0.00000 0.00000 0.00000 0.00000 0.00000 0.00000 0.00000 0.00000 0.00000 0.00000 0.00000 0.00000 0.00000
0.26274 0.33790 0.39692 0.44517 0.48595 0.52066 0.55061 0.57738 0.60216 0.62499 0.64744 0.67309 0.70921 0.76663 0.00000 0.00000 0.00000 0.00000 0.00000 0.00000 0.00000 0.00000 0.00000 0.00000 0.00000 0.00000 0.00000 0.00000 0.00000 0.00000 0.00000 0.00000 0.00000 0.00000 0.00000 0.00000 0.00000 0.00000 0.00000 0.00000
0.21808 0.31387 0.38532 0.44144 0.48748 0.52575 0.55816 0.58677 0.61322 0.63846 0.66630 0.70503 0.76619 0.00000 0.00000 0.00000 0.00000 0.00000 0.00000 0.00000 0.00000 0.00000 0.00000 0.00000 0.00000 0.00000 0.00000 0.00000 0.00000 0.00000 0.00000 0.00000 0.00000 0.00000 0.00000 0.00000 0.00000 0.00000 0.00000 0.00000
0.17248 0.29745 0.38430 0.44910 0.50034 0.54178 0.57616 0.60633 0.63504 0.66563 0.70699 0.77180 0.00000 0.00000 0.00000 0.00000 0.00000 0.00000 0.00000 0.00000 0.00000 0.00000 0.00000 0.00000 0.00000 0.00000 0.00000 0.00000 0.00000 0.00000 0.00000 0.00000 0.00000 0.00000 0.00000 0.00000 0.00000 0.00000 0.00000 0.00000
0.12630 0.29535 0.40099 0.47450 0.52996 0.57339 0.60883 0.64067 0.67440 0.71873 0.78725 0.00000 0.00000 0.00000 0.00000 0.00000 0.00000 0.00000 0.00000 0.00000 0.00000 0.00000 0.00000 0.00000 0.00000 0.00000 0.00000 0.00000 0.00000 0.00000 0.00000 0.00000 0.00000 0.00000 0.00000 0.00000 0.00000 0.00000 0.00000 0.00000
0.07991 0.32267 0.44928 0.52877 0.58522 0.62800 0.66331 0.69886 0.74611 0.81839 0.00000 0.00000 0.00000 0.00000 0.00000 0.00000 0.00000 0.00000 0.00000 0.00000 0.00000 0.00000 0.00000 0.00000 0.00000 0.00000 0.00000 0.00000 0.00000 0.00000 0.00000 0.00000 0.00000 0.00000 0.00000 0.00000 0.00000 0.00000 0.00000 0.00000
0.03364 0.42407 0.56110 0.63391 0.68212 0.71877 0.75353 0.80051 0.87572 0.00000 0.00000 0.00000 0.00000 0.00000 0.00000 0.00000 0.00000 0.00000 0.00000 0.00000 0.00000 0.00000 0.00000 0.00000 0.00000 0.00000 0.00000 0.00000 0.00000 0.00000 0.00000 0.00000 0.00000 0.00000 0.00000 0.00000 0.00000 0.00000 0.00000 0.00000
0.00000 0.82139 0.83174 0.84130 0.85384 0.87294 0.91001 0.98104 0.00000 0.00000 0.00000 0.00000 0.00000 0.00000 0.00000 0.00000 0.00000 0.00000 0.00000 0.00000 0.00000 0.00000 0.00000 0.00000 0.00000 0.00000 0.00000 0.00000 0.00000 0.00000 0.00000 0.00000 0.00000 0.00000 0.00000 0.00000 0.00000 0.00000 0.00000 0.00000
0.05726 0.44318 0.57920 0.65353 0.70976 0.76988 0.85222 0.00000 0.00000 0.00000 0.00000 0.00000 0.00000 0.00000 0.00000 0.00000 0.00000 0.00000 0.00000 0.00000 0.00000 0.00000 0.00000 0.00000 0.00000 0.00000 0.00000 0.00000 0.00000 0.00000 0.00000 0.00000 0.00000 0.00000 0.00000 0.00000 0.00000 0.00000 0.00000 0.00000
0.10149 0.34726 0.47729 0.56512 0.64497 0.73795 0.00000 0.00000 0.00000 0.00000 0.00000 0.00000 0.00000 0.00000 0.00000 0.00000 0.00000 0.00000 0.00000 0.00000 0.00000 0.00000 0.00000 0.00000 0.00000 0.00000 0.00000 0.00000 0.00000 0.00000 0.00000 0.00000 0.00000 0.00000 0.00000 0.00000 0.00000 0.00000 0.00000 0.00000
0.14490 0.32234 0.43881 0.53499 0.63646 0.00000 0.00000 0.00000 0.00000 0.00000 0.00000 0.00000 0.00000 0.00000 0.00000 0.00000 0.00000 0.00000 0.00000 0.00000 0.00000 0.00000 0.00000 0.00000 0.00000 0.00000 0.00000 0.00000 0.00000 0.00000 0.00000 0.00000 0.00000 0.00000 0.00000 0.00000 0.00000 0.00000 0.00000 0.00000
0.18822 0.32843 0.43957 0.54748 0.00000 0.00000 0.00000 0.00000 0.00000 0.00000 0.00000 0.00000 0.00000 0.00000 0.00000 0.00000 0.00000 0.00000 0.00000 0.00000 0.00000 0.00000 0.00000 0.00000 0.00000 0.00000 0.00000 0.00000 0.00000 0.00000 0.00000 0.00000 0.00000 0.00000 0.00000 0.00000 0.00000 0.00000 0.00000 0.00000
0.23362 0.35661 0.47059 0.00000 0.00000 0.00000 0.00000 0.00000 0.00000 0.00000 0.00000 0.00000 0.00000 0.00000 0.00000 0.00000 0.00000 0.00000 0.00000 0.00000 0.00000 0.00000 0.00000 0.00000 0.00000 0.00000 0.00000 0.00000 0.00000 0.00000 0.00000 0.00000 0.00000 0.00000 0.00000 0.00000 0.00000 0.00000 0.00000 0.00000
0.28584 0.40396 0.00000 0.00000 0.00000 0.00000 0.00000 0.00000 0.00000 0.00000 0.00000 0.00000 0.00000 0.00000 0.00000 0.00000 0.00000 0.00000 0.00000 0.00000 0.00000 0.00000 0.00000 0.00000 0.00000 0.00000 0.00000 0.00000 0.00000 0.00000 0.00000 0.00000 0.00000 0.00000 0.00000 0.00000 0.00000 0.00000 0.00000 0.00000
0.34736 0.00000 0.00000 0.00000 0.00000 0.00000 0.00000 0.00000 0.00000 0.00000 0.00000 0.00000 0.00000 0.00000 0.00000 0.00000 0.00000 0.00000 0.00000 0.00000 0.00000 0.00000 0.00000 0.00000 0.00000 0.00000 0.00000 0.00000 0.00000 0.00000 0.00000 0.00000 0.00000 0.00000 0.00000 0.00000 0.00000 0.00000 0.00000 0.00000
>>>>>>> 00fd3ba (upload project)
