<<<<<<< HEAD
0.00000 2.45051 2.60192 2.74839 2.88535 3.00765 3.11224 3.19900 3.27090 3.33426 3.39884 3.47946 3.73259 4.05535 4.53354 5.64451
0.00000 2.46714 2.61017 2.75080 2.88253 2.99998 3.10015 3.18318 3.25235 3.31425 3.37885 3.59740 3.84851 4.17294 4.66414 0.00000
0.00000 2.46657 2.60491 2.74077 2.86786 2.98105 3.07774 3.15855 3.22719 3.29058 3.49858 3.71232 3.95896 4.28626 0.00000 0.00000
0.00000 2.45659 2.58996 2.72099 2.84364 2.95329 3.04793 3.12878 3.19996 3.41444 3.61657 3.82102 4.06174 0.00000 0.00000 0.00000
0.00000 2.43698 2.56531 2.69167 2.81062 2.91825 3.01332 3.09756 3.32865 3.53789 3.72801 3.91963 0.00000 0.00000 0.00000 0.00000
0.00000 2.40767 2.53106 2.65348 2.77035 2.87866 2.97780 3.23112 3.45875 3.65524 3.82786 0.00000 0.00000 0.00000 0.00000 0.00000
0.00000 2.36865 2.48782 2.60801 2.72568 2.83865 3.11556 3.36839 3.58387 3.76036 0.00000 0.00000 0.00000 0.00000 0.00000 0.00000
0.00000 2.32054 2.43729 2.55832 2.68107 2.97940 3.25977 3.50243 3.69682 0.00000 0.00000 0.00000 0.00000 0.00000 0.00000 0.00000
0.00000 2.26516 2.38273 2.50919 2.82298 3.12971 3.40300 3.62498 0.00000 0.00000 0.00000 0.00000 0.00000 0.00000 0.00000 0.00000
0.00000 2.20604 2.32928 2.65017 2.97776 3.28185 3.53608 0.00000 0.00000 0.00000 0.00000 0.00000 0.00000 0.00000 0.00000 0.00000
0.00000 2.14864 2.46701 2.80749 3.13743 3.42585 0.00000 0.00000 0.00000 0.00000 0.00000 0.00000 0.00000 0.00000 0.00000 0.00000
0.00000 0.00000 0.00000 0.00000 0.00000 0.00000 0.00000 0.00000 0.00000 0.00000 0.00000 0.00000 0.00000 0.00000 0.00000 0.00000
0.00000 0.00000 0.00000 0.00000 0.00000 0.00000 0.00000 0.00000 0.00000 0.00000 0.00000 0.00000 0.00000 0.00000 0.00000 0.00000
0.00000 0.00000 0.00000 0.00000 0.00000 0.00000 0.00000 0.00000 0.00000 0.00000 0.00000 0.00000 0.00000 0.00000 0.00000 0.00000
0.00000 0.00000 0.00000 0.00000 0.00000 0.00000 0.00000 0.00000 0.00000 0.00000 0.00000 0.00000 0.00000 0.00000 0.00000 0.00000
0.00000 0.00000 0.00000 0.00000 0.00000 0.00000 0.00000 0.00000 0.00000 0.00000 0.00000 0.00000 0.00000 0.00000 0.00000 0.00000
=======
0.00000 0.96474 0.96036 0.95592 0.95134 0.94649 0.94126 0.93559 0.92945 0.92288 0.91603 0.90911 0.90248 0.89653 0.89175 0.88871 0.90458 0.92215 0.94354 0.97519 1.03199 1.14097 1.36129 1.85297
0.00000 0.95589 0.95143 0.94676 0.94176 0.93634 0.93043 0.92402 0.91721 0.91013 0.90305 0.89628 0.89028 0.88543 0.88221 0.89824 0.91475 0.93184 0.95217 0.98335 1.04173 1.15607 1.38842 0.00000
0.00000 0.94683 0.94203 0.93683 0.93114 0.92491 0.91818 0.91103 0.90367 0.89638 0.88952 0.88349 0.87874 0.87563 0.89252 0.90938 0.92551 0.94135 0.96036 0.99121 1.05170 1.17230 0.00000 0.00000
0.00000 0.93699 0.93152 0.92550 0.91888 0.91171 0.90415 0.89643 0.88888 0.88190 0.87590 0.87129 0.86847 0.88660 0.90448 0.92102 0.93579 0.94990 0.96756 0.99847 1.06174 0.00000 0.00000 0.00000
0.00000 0.92563 0.91919 0.91210 0.90442 0.89634 0.88817 0.88028 0.87313 0.86717 0.86280 0.86035 0.88003 0.89933 0.91692 0.93202 0.94484 0.95704 0.97365 1.00513 0.00000 0.00000 0.00000 0.00000
0.00000 0.91201 0.90435 0.89607 0.88739 0.87865 0.87033 0.86293 0.85699 0.85291 0.85098 0.87242 0.89351 0.91260 0.92867 0.94162 0.95222 0.96278 0.97874 0.00000 0.00000 0.00000 0.00000 0.00000
0.00000 0.89542 0.88643 0.87704 0.86764 0.85878 0.85107 0.84506 0.84128 0.83996 0.86347 0.88662 0.90764 0.92517 0.93893 0.94941 0.95802 0.96727 0.00000 0.00000 0.00000 0.00000 0.00000 0.00000
0.00000 0.87531 0.86510 0.85493 0.84542 0.83725 0.83115 0.82760 0.82695 0.85275 0.87837 0.90164 0.92111 0.93618 0.94723 0.95545 0.96240 0.00000 0.00000 0.00000 0.00000 0.00000 0.00000 0.00000
0.00000 0.85142 0.84035 0.83005 0.82134 0.81498 0.81165 0.81163 0.83988 0.86827 0.89431 0.91608 0.93298 0.94511 0.95365 0.95993 0.00000 0.00000 0.00000 0.00000 0.00000 0.00000 0.00000 0.00000
0.00000 0.82381 0.81261 0.80317 0.79645 0.79317 0.79379 0.82450 0.85593 0.88513 0.90980 0.92891 0.94267 0.95203 0.95836 0.00000 0.00000 0.00000 0.00000 0.00000 0.00000 0.00000 0.00000 0.00000
0.00000 0.79303 0.78274 0.77546 0.77212 0.77320 0.80643 0.84095 0.87367 0.90171 0.92372 0.93946 0.95023 0.95710 0.00000 0.00000 0.00000 0.00000 0.00000 0.00000 0.00000 0.00000 0.00000 0.00000
0.00000 0.76009 0.75210 0.74845 0.74987 0.78538 0.82314 0.85950 0.89139 0.91682 0.93531 0.94778 0.95576 0.00000 0.00000 0.00000 0.00000 0.00000 0.00000 0.00000 0.00000 0.00000 0.00000 0.00000
0.00000 0.72649 0.72235 0.72381 0.76142 0.80218 0.84246 0.87834 0.90777 0.92955 0.94456 0.95388 0.00000 0.00000 0.00000 0.00000 0.00000 0.00000 0.00000 0.00000 0.00000 0.00000 0.00000 0.00000
0.00000 0.69404 0.69530 0.73452 0.77817 0.82212 0.86243 0.89603 0.92176 0.93990 0.95144 0.00000 0.00000 0.00000 0.00000 0.00000 0.00000 0.00000 0.00000 0.00000 0.00000 0.00000 0.00000 0.00000
0.00000 0.66465 0.70509 0.75100 0.79869 0.84309 0.88160 0.91127 0.93342 0.94766 0.00000 0.00000 0.00000 0.00000 0.00000 0.00000 0.00000 0.00000 0.00000 0.00000 0.00000 0.00000 0.00000 0.00000
0.00000 0.00000 0.00000 0.00000 0.00000 0.00000 0.00000 0.00000 0.00000 0.00000 0.00000 0.00000 0.00000 0.00000 0.00000 0.00000 0.00000 0.00000 0.00000 0.00000 0.00000 0.00000 0.00000 0.00000
0.00000 0.00000 0.00000 0.00000 0.00000 0.00000 0.00000 0.00000 0.00000 0.00000 0.00000 0.00000 0.00000 0.00000 0.00000 0.00000 0.00000 0.00000 0.00000 0.00000 0.00000 0.00000 0.00000 0.00000
0.00000 0.00000 0.00000 0.00000 0.00000 0.00000 0.00000 0.00000 0.00000 0.00000 0.00000 0.00000 0.00000 0.00000 0.00000 0.00000 0.00000 0.00000 0.00000 0.00000 0.00000 0.00000 0.00000 0.00000
0.00000 0.00000 0.00000 0.00000 0.00000 0.00000 0.00000 0.00000 0.00000 0.00000 0.00000 0.00000 0.00000 0.00000 0.00000 0.00000 0.00000 0.00000 0.00000 0.00000 0.00000 0.00000 0.00000 0.00000
0.00000 0.00000 0.00000 0.00000 0.00000 0.00000 0.00000 0.00000 0.00000 0.00000 0.00000 0.00000 0.00000 0.00000 0.00000 0.00000 0.00000 0.00000 0.00000 0.00000 0.00000 0.00000 0.00000 0.00000
0.00000 0.00000 0.00000 0.00000 0.00000 0.00000 0.00000 0.00000 0.00000 0.00000 0.00000 0.00000 0.00000 0.00000 0.00000 0.00000 0.00000 0.00000 0.00000 0.00000 0.00000 0.00000 0.00000 0.00000
0.00000 0.00000 0.00000 0.00000 0.00000 0.00000 0.00000 0.00000 0.00000 0.00000 0.00000 0.00000 0.00000 0.00000 0.00000 0.00000 0.00000 0.00000 0.00000 0.00000 0.00000 0.00000 0.00000 0.00000
0.00000 0.00000 0.00000 0.00000 0.00000 0.00000 0.00000 0.00000 0.00000 0.00000 0.00000 0.00000 0.00000 0.00000 0.00000 0.00000 0.00000 0.00000 0.00000 0.00000 0.00000 0.00000 0.00000 0.00000
0.00000 0.00000 0.00000 0.00000 0.00000 0.00000 0.00000 0.00000 0.00000 0.00000 0.00000 0.00000 0.00000 0.00000 0.00000 0.00000 0.00000 0.00000 0.00000 0.00000 0.00000 0.00000 0.00000 0.00000
>>>>>>> 00fd3ba (upload project)
