<<<<<<< HEAD
0.00000 0.96505 0.95179 0.90733 0.85648 0.80788 0.76441 0.72667 0.69459 0.72564 0.76248 0.80607 0.85857 0.92453 1.01234 1.13544 1.31300 1.57205 1.95350 2.53391 3.47964 5.25234
0.00000 0.91672 0.85364 0.79209 0.73667 0.68834 0.64676 0.61139 0.63542 0.66464 0.69969 0.74176 0.79340 0.85994 0.95085 1.08131 1.27219 1.55287 1.96730 2.60056 3.64060 0.00000
0.00000 0.77291 0.70952 0.65345 0.60475 0.56267 0.52654 0.54422 0.56643 0.59383 0.62728 0.66840 0.72053 0.79026 0.88901 1.03381 1.24731 1.56006 2.01888 2.71810 0.00000 0.00000
0.00000 0.63311 0.57858 0.53112 0.48977 0.45384 0.46633 0.48261 0.50339 0.52950 0.56218 0.60388 0.65924 0.73719 0.85130 1.02069 1.26824 1.62532 2.14076 0.00000 0.00000 0.00000
0.00000 0.51478 0.46918 0.42907 0.39383 0.40241 0.41400 0.42933 0.44924 0.47485 0.50812 0.55273 0.61570 0.70853 0.84726 1.05135 1.34324 1.75383 0.00000 0.00000 0.00000 0.00000
0.00000 0.41694 0.37826 0.34398 0.34976 0.35784 0.36888 0.38372 0.40338 0.42963 0.46532 0.51653 0.59272 0.70862 0.88057 1.12769 1.46976 0.00000 0.00000 0.00000 0.00000 0.00000
0.00000 0.33474 0.30163 0.30548 0.31104 0.31887 0.32968 0.34452 0.36487 0.39318 0.43442 0.49706 0.59382 0.74050 0.95298 1.24701 0.00000 0.00000 0.00000 0.00000 0.00000 0.00000
0.00000 0.26498 0.26755 0.27136 0.27685 0.28469 0.29559 0.31136 0.33337 0.36661 0.41732 0.49841 0.62246 0.80747 1.06298 0.00000 0.00000 0.00000 0.00000 0.00000 0.00000 0.00000
0.00000 0.00000 0.00000 0.00000 0.00000 0.00000 0.00000 0.00000 0.00000 0.00000 0.00000 0.00000 0.00000 0.00000 0.00000 0.00000 0.00000 0.00000 0.00000 0.00000 0.00000 0.00000
0.00000 0.00000 0.00000 0.00000 0.00000 0.00000 0.00000 0.00000 0.00000 0.00000 0.00000 0.00000 0.00000 0.00000 0.00000 0.00000 0.00000 0.00000 0.00000 0.00000 0.00000 0.00000
0.00000 0.00000 0.00000 0.00000 0.00000 0.00000 0.00000 0.00000 0.00000 0.00000 0.00000 0.00000 0.00000 0.00000 0.00000 0.00000 0.00000 0.00000 0.00000 0.00000 0.00000 0.00000
0.00000 0.00000 0.00000 0.00000 0.00000 0.00000 0.00000 0.00000 0.00000 0.00000 0.00000 0.00000 0.00000 0.00000 0.00000 0.00000 0.00000 0.00000 0.00000 0.00000 0.00000 0.00000
0.00000 0.00000 0.00000 0.00000 0.00000 0.00000 0.00000 0.00000 0.00000 0.00000 0.00000 0.00000 0.00000 0.00000 0.00000 0.00000 0.00000 0.00000 0.00000 0.00000 0.00000 0.00000
0.00000 0.00000 0.00000 0.00000 0.00000 0.00000 0.00000 0.00000 0.00000 0.00000 0.00000 0.00000 0.00000 0.00000 0.00000 0.00000 0.00000 0.00000 0.00000 0.00000 0.00000 0.00000
0.00000 0.00000 0.00000 0.00000 0.00000 0.00000 0.00000 0.00000 0.00000 0.00000 0.00000 0.00000 0.00000 0.00000 0.00000 0.00000 0.00000 0.00000 0.00000 0.00000 0.00000 0.00000
0.00000 0.00000 0.00000 0.00000 0.00000 0.00000 0.00000 0.00000 0.00000 0.00000 0.00000 0.00000 0.00000 0.00000 0.00000 0.00000 0.00000 0.00000 0.00000 0.00000 0.00000 0.00000
0.00000 0.00000 0.00000 0.00000 0.00000 0.00000 0.00000 0.00000 0.00000 0.00000 0.00000 0.00000 0.00000 0.00000 0.00000 0.00000 0.00000 0.00000 0.00000 0.00000 0.00000 0.00000
0.00000 0.00000 0.00000 0.00000 0.00000 0.00000 0.00000 0.00000 0.00000 0.00000 0.00000 0.00000 0.00000 0.00000 0.00000 0.00000 0.00000 0.00000 0.00000 0.00000 0.00000 0.00000
0.00000 0.00000 0.00000 0.00000 0.00000 0.00000 0.00000 0.00000 0.00000 0.00000 0.00000 0.00000 0.00000 0.00000 0.00000 0.00000 0.00000 0.00000 0.00000 0.00000 0.00000 0.00000
0.00000 0.00000 0.00000 0.00000 0.00000 0.00000 0.00000 0.00000 0.00000 0.00000 0.00000 0.00000 0.00000 0.00000 0.00000 0.00000 0.00000 0.00000 0.00000 0.00000 0.00000 0.00000
0.00000 0.00000 0.00000 0.00000 0.00000 0.00000 0.00000 0.00000 0.00000 0.00000 0.00000 0.00000 0.00000 0.00000 0.00000 0.00000 0.00000 0.00000 0.00000 0.00000 0.00000 0.00000
0.00000 0.00000 0.00000 0.00000 0.00000 0.00000 0.00000 0.00000 0.00000 0.00000 0.00000 0.00000 0.00000 0.00000 0.00000 0.00000 0.00000 0.00000 0.00000 0.00000 0.00000 0.00000
=======
0.00000 0.93318 0.89096 0.81545 0.72778 0.64171 0.56474 0.49931 0.44498 0.40028 0.36360 0.33362 0.33685 0.34169 0.34862 0.35820 0.37093 0.38730 0.40772 0.43276 0.46350 0.50262 0.55595 0.63463 0.75630 0.94441 1.24545 1.82561
0.00000 0.84869 0.75649 0.65917 0.56862 0.49071 0.42644 0.37436 0.33230 0.29825 0.27059 0.27232 0.27501 0.27899 0.28467 0.29247 0.30280 0.31602 0.33254 0.35296 0.37862 0.41272 0.46208 0.53950 0.66489 0.86440 1.18923 0.00000
0.00000 0.66425 0.56432 0.47515 0.40103 0.34170 0.29484 0.25779 0.22830 0.20461 0.20541 0.20668 0.20864 0.21153 0.21565 0.22128 0.22873 0.23830 0.25038 0.26575 0.28612 0.31542 0.36185 0.44016 0.57284 0.78884 0.00000 0.00000
0.00000 0.46437 0.38053 0.31320 0.26093 0.22074 0.18971 0.16549 0.14633 0.14664 0.14715 0.14797 0.14922 0.15108 0.15371 0.15730 0.16209 0.16831 0.17645 0.18749 0.20368 0.22995 0.27614 0.35928 0.50459 0.00000 0.00000 0.00000
0.00000 0.29667 0.23758 0.19306 0.15975 0.13465 0.11547 0.10057 0.10067 0.10085 0.10114 0.10160 0.10232 0.10337 0.10486 0.10692 0.10969 0.11347 0.11880 0.12703 0.14104 0.16703 0.21669 0.30963 0.00000 0.00000 0.00000 0.00000
0.00000 0.17847 0.14122 0.11408 0.09410 0.07915 0.06777 0.06780 0.06785 0.06795 0.06809 0.06834 0.06870 0.06924 0.07001 0.07108 0.07261 0.07493 0.07875 0.08587 0.09999 0.12869 0.18585 0.00000 0.00000 0.00000 0.00000 0.00000
0.00000 0.10397 0.08187 0.06596 0.05431 0.04560 0.04561 0.04562 0.04565 0.04569 0.04576 0.04588 0.04605 0.04631 0.04666 0.04722 0.04811 0.04982 0.05327 0.06086 0.07721 0.11159 0.00000 0.00000 0.00000 0.00000 0.00000 0.00000
0.00000 0.05977 0.04695 0.03774 0.03100 0.03100 0.03100 0.03101 0.03102 0.03105 0.03108 0.03113 0.03121 0.03130 0.03148 0.03182 0.03253 0.03427 0.03831 0.04771 0.06836 0.00000 0.00000 0.00000 0.00000 0.00000 0.00000 0.00000
0.00000 0.03413 0.02673 0.02141 0.02141 0.02141 0.02141 0.02140 0.02142 0.02144 0.02146 0.02149 0.02149 0.02154 0.02165 0.02198 0.02283 0.02514 0.03055 0.04323 0.00000 0.00000 0.00000 0.00000 0.00000 0.00000 0.00000 0.00000
0.00000 0.01932 0.01504 0.01504 0.01504 0.01504 0.01503 0.01504 0.01505 0.01507 0.01510 0.01507 0.01508 0.01510 0.01524 0.01575 0.01703 0.02039 0.02824 0.00000 0.00000 0.00000 0.00000 0.00000 0.00000 0.00000 0.00000 0.00000
0.00000 0.01076 0.01077 0.01076 0.01077 0.01074 0.01076 0.01077 0.01076 0.01085 0.01078 0.01080 0.01077 0.01084 0.01109 0.01202 0.01390 0.01931 0.00000 0.00000 0.00000 0.00000 0.00000 0.00000 0.00000 0.00000 0.00000 0.00000
0.00000 0.00000 0.00000 0.00000 0.00000 0.00000 0.00000 0.00000 0.00000 0.00000 0.00000 0.00000 0.00000 0.00000 0.00000 0.00000 0.00000 0.00000 0.00000 0.00000 0.00000 0.00000 0.00000 0.00000 0.00000 0.00000 0.00000 0.00000
0.00000 0.00000 0.00000 0.00000 0.00000 0.00000 0.00000 0.00000 0.00000 0.00000 0.00000 0.00000 0.00000 0.00000 0.00000 0.00000 0.00000 0.00000 0.00000 0.00000 0.00000 0.00000 0.00000 0.00000 0.00000 0.00000 0.00000 0.00000
0.00000 0.00000 0.00000 0.00000 0.00000 0.00000 0.00000 0.00000 0.00000 0.00000 0.00000 0.00000 0.00000 0.00000 0.00000 0.00000 0.00000 0.00000 0.00000 0.00000 0.00000 0.00000 0.00000 0.00000 0.00000 0.00000 0.00000 0.00000
0.00000 0.00000 0.00000 0.00000 0.00000 0.00000 0.00000 0.00000 0.00000 0.00000 0.00000 0.00000 0.00000 0.00000 0.00000 0.00000 0.00000 0.00000 0.00000 0.00000 0.00000 0.00000 0.00000 0.00000 0.00000 0.00000 0.00000 0.00000
0.00000 0.00000 0.00000 0.00000 0.00000 0.00000 0.00000 0.00000 0.00000 0.00000 0.00000 0.00000 0.00000 0.00000 0.00000 0.00000 0.00000 0.00000 0.00000 0.00000 0.00000 0.00000 0.00000 0.00000 0.00000 0.00000 0.00000 0.00000
0.00000 0.00000 0.00000 0.00000 0.00000 0.00000 0.00000 0.00000 0.00000 0.00000 0.00000 0.00000 0.00000 0.00000 0.00000 0.00000 0.00000 0.00000 0.00000 0.00000 0.00000 0.00000 0.00000 0.00000 0.00000 0.00000 0.00000 0.00000
0.00000 0.00000 0.00000 0.00000 0.00000 0.00000 0.00000 0.00000 0.00000 0.00000 0.00000 0.00000 0.00000 0.00000 0.00000 0.00000 0.00000 0.00000 0.00000 0.00000 0.00000 0.00000 0.00000 0.00000 0.00000 0.00000 0.00000 0.00000
0.00000 0.00000 0.00000 0.00000 0.00000 0.00000 0.00000 0.00000 0.00000 0.00000 0.00000 0.00000 0.00000 0.00000 0.00000 0.00000 0.00000 0.00000 0.00000 0.00000 0.00000 0.00000 0.00000 0.00000 0.00000 0.00000 0.00000 0.00000
0.00000 0.00000 0.00000 0.00000 0.00000 0.00000 0.00000 0.00000 0.00000 0.00000 0.00000 0.00000 0.00000 0.00000 0.00000 0.00000 0.00000 0.00000 0.00000 0.00000 0.00000 0.00000 0.00000 0.00000 0.00000 0.00000 0.00000 0.00000
0.00000 0.00000 0.00000 0.00000 0.00000 0.00000 0.00000 0.00000 0.00000 0.00000 0.00000 0.00000 0.00000 0.00000 0.00000 0.00000 0.00000 0.00000 0.00000 0.00000 0.00000 0.00000 0.00000 0.00000 0.00000 0.00000 0.00000 0.00000
0.00000 0.00000 0.00000 0.00000 0.00000 0.00000 0.00000 0.00000 0.00000 0.00000 0.00000 0.00000 0.00000 0.00000 0.00000 0.00000 0.00000 0.00000 0.00000 0.00000 0.00000 0.00000 0.00000 0.00000 0.00000 0.00000 0.00000 0.00000
0.00000 0.00000 0.00000 0.00000 0.00000 0.00000 0.00000 0.00000 0.00000 0.00000 0.00000 0.00000 0.00000 0.00000 0.00000 0.00000 0.00000 0.00000 0.00000 0.00000 0.00000 0.00000 0.00000 0.00000 0.00000 0.00000 0.00000 0.00000
0.00000 0.00000 0.00000 0.00000 0.00000 0.00000 0.00000 0.00000 0.00000 0.00000 0.00000 0.00000 0.00000 0.00000 0.00000 0.00000 0.00000 0.00000 0.00000 0.00000 0.00000 0.00000 0.00000 0.00000 0.00000 0.00000 0.00000 0.00000
0.00000 0.00000 0.00000 0.00000 0.00000 0.00000 0.00000 0.00000 0.00000 0.00000 0.00000 0.00000 0.00000 0.00000 0.00000 0.00000 0.00000 0.00000 0.00000 0.00000 0.00000 0.00000 0.00000 0.00000 0.00000 0.00000 0.00000 0.00000
0.00000 0.00000 0.00000 0.00000 0.00000 0.00000 0.00000 0.00000 0.00000 0.00000 0.00000 0.00000 0.00000 0.00000 0.00000 0.00000 0.00000 0.00000 0.00000 0.00000 0.00000 0.00000 0.00000 0.00000 0.00000 0.00000 0.00000 0.00000
0.00000 0.00000 0.00000 0.00000 0.00000 0.00000 0.00000 0.00000 0.00000 0.00000 0.00000 0.00000 0.00000 0.00000 0.00000 0.00000 0.00000 0.00000 0.00000 0.00000 0.00000 0.00000 0.00000 0.00000 0.00000 0.00000 0.00000 0.00000
0.00000 0.00000 0.00000 0.00000 0.00000 0.00000 0.00000 0.00000 0.00000 0.00000 0.00000 0.00000 0.00000 0.00000 0.00000 0.00000 0.00000 0.00000 0.00000 0.00000 0.00000 0.00000 0.00000 0.00000 0.00000 0.00000 0.00000 0.00000
>>>>>>> 00fd3ba (upload project)
