<<<<<<< HEAD
5.543607 5.612751 5.705547 5.828368 5.988656 6.194836 6.456088 6.782000 7.182124 7.665886 8.243242 8.927592 9.741550 10.727419 11.958455 13.550922 15.669378 18.548592 22.542459 28.303213 37.209019 53.000000
4.647705 4.718691 4.813663 4.938995 5.102102 5.311361 5.575881 5.905168 6.308702 6.795897 7.376849 8.065378 8.884978 9.879326 11.123316 12.734541 14.877512 17.784590 21.803053 27.575806 36.465473 0.000000
3.801968 3.879292 3.981765 4.115763 4.288644 4.508649 4.784687 5.126037 5.541993 6.042010 6.636734 7.341550 8.182888 9.208962 10.499454 12.175056 14.398304 17.392290 21.485157 27.289860 0.000000 0.000000
3.106386 3.195837 3.312589 3.463021 3.654372 3.894639 4.192369 4.556467 4.995960 5.520525 6.142055 6.879097 7.763564 8.851339 10.228676 12.017895 14.373164 17.498482 21.685068 0.000000 0.000000 0.000000
2.562729 2.670201 2.808013 2.982517 3.200758 3.470378 3.799430 4.196364 4.669971 5.230569 5.892210 6.678303 7.628151 8.806327 10.303491 12.237352 14.744820 17.996601 0.000000 0.000000 0.000000 0.000000
2.155425 2.286585 2.451808 2.657362 2.910016 3.216957 3.585665 4.024187 4.541306 5.148608 5.863346 6.714975 7.750365 9.040337 10.673646 12.754937 15.390558 0.000000 0.000000 0.000000 0.000000 0.000000
1.869650 2.030034 2.228685 2.471710 2.765513 3.116764 3.532378 4.020214 4.589461 5.253750 6.034212 6.966322 8.102099 9.512936 11.277828 13.475298 0.000000 0.000000 0.000000 0.000000 0.000000 0.000000
1.695297 1.890411 2.128294 2.414794 2.755882 3.157715 3.626758 4.171080 4.800753 5.531982 6.389517 7.412877 8.654402 10.179343 12.044259 0.000000 0.000000 0.000000 0.000000 0.000000 0.000000 0.000000
1.625427 1.860740 2.143437 2.479028 2.873025 3.331170 3.859716 4.467384 5.165370 5.972199 6.914466 8.031942 9.371875 10.981283 0.000000 0.000000 0.000000 0.000000 0.000000 0.000000 0.000000 0.000000
1.654535 1.935383 2.268187 2.658080 3.110160 3.629947 4.223723 4.901093 5.673900 6.561512 7.589287 8.793077 10.203954 0.000000 0.000000 0.000000 0.000000 0.000000 0.000000 0.000000 0.000000 0.000000
1.777838 2.109320 2.497171 2.946181 3.461149 4.047558 4.711720 5.463703 6.314512 7.281896 8.386839 9.651100 0.000000 0.000000 0.000000 0.000000 0.000000 0.000000 0.000000 0.000000 0.000000 0.000000
1.991193 2.378089 2.825571 3.338175 3.920491 4.577899 5.316151 6.144445 7.070800 8.108983 9.266368 0.000000 0.000000 0.000000 0.000000 0.000000 0.000000 0.000000 0.000000 0.000000 0.000000 0.000000
2.291179 2.737936 3.249316 3.829668 4.483183 5.214506 6.027472 6.928527 7.920914 9.005818 0.000000 0.000000 0.000000 0.000000 0.000000 0.000000 0.000000 0.000000 0.000000 0.000000 0.000000 0.000000
2.675198 3.185967 3.765194 4.416834 5.143949 5.949087 6.832465 7.796320 8.831113 0.000000 0.000000 0.000000 0.000000 0.000000 0.000000 0.000000 0.000000 0.000000 0.000000 0.000000 0.000000 0.000000
3.141526 3.720142 4.370553 5.095577 5.895723 6.769845 7.713420 8.716713 0.000000 0.000000 0.000000 0.000000 0.000000 0.000000 0.000000 0.000000 0.000000 0.000000 0.000000 0.000000 0.000000 0.000000
3.689226 4.338913 5.062394 5.859956 6.727975 7.660655 8.641330 0.000000 0.000000 0.000000 0.000000 0.000000 0.000000 0.000000 0.000000 0.000000 0.000000 0.000000 0.000000 0.000000 0.000000 0.000000
4.317742 5.040275 5.835794 6.700531 7.625882 8.594167 0.000000 0.000000 0.000000 0.000000 0.000000 0.000000 0.000000 0.000000 0.000000 0.000000 0.000000 0.000000 0.000000 0.000000 0.000000 0.000000
5.025903 5.820156 6.682225 7.603529 8.563382 0.000000 0.000000 0.000000 0.000000 0.000000 0.000000 0.000000 0.000000 0.000000 0.000000 0.000000 0.000000 0.000000 0.000000 0.000000 0.000000 0.000000
5.810345 6.670767 7.588748 8.543859 0.000000 0.000000 0.000000 0.000000 0.000000 0.000000 0.000000 0.000000 0.000000 0.000000 0.000000 0.000000 0.000000 0.000000 0.000000 0.000000 0.000000 0.000000
6.663854 7.579801 8.531023 0.000000 0.000000 0.000000 0.000000 0.000000 0.000000 0.000000 0.000000 0.000000 0.000000 0.000000 0.000000 0.000000 0.000000 0.000000 0.000000 0.000000 0.000000 0.000000
7.574599 8.523456 0.000000 0.000000 0.000000 0.000000 0.000000 0.000000 0.000000 0.000000 0.000000 0.000000 0.000000 0.000000 0.000000 0.000000 0.000000 0.000000 0.000000 0.000000 0.000000 0.000000
8.519187 0.000000 0.000000 0.000000 0.000000 0.000000 0.000000 0.000000 0.000000 0.000000 0.000000 0.000000 0.000000 0.000000 0.000000 0.000000 0.000000 0.000000 0.000000 0.000000 0.000000 0.000000
=======
3.625658 3.625710 3.625820 3.626081 3.626571 3.627537 3.629421 3.632981 3.639486 3.650980 3.670597 3.702933 3.754400 3.833482 3.950809 4.118975 4.352123 4.665532 5.075229 5.599450 6.262039 7.102536 8.192842 9.658701 11.691871 14.542052 18.707626 26.000000
2.692534 2.692588 2.692704 2.692977 2.693491 2.694500 2.696465 2.700166 2.706908 2.718789 2.739009 2.772245 2.825002 2.905852 3.025495 3.196558 3.433161 3.750500 4.164448 4.693056 5.359967 6.204564 7.298591 8.767501 10.802348 13.651657 17.810589 0.000000
1.843900 1.843970 1.844116 1.844447 1.845078 1.846307 1.848664 1.853045 1.860924 1.874627 1.897658 1.935053 1.993713 2.082586 2.212668 2.396728 2.648803 2.983756 3.416870 3.965476 4.652448 5.516574 6.629169 8.114966 10.163214 13.017782 0.000000 0.000000
1.179724 1.179837 1.180071 1.180572 1.181530 1.183358 1.186772 1.192950 1.203771 1.222109 1.252155 1.299743 1.372611 1.480467 1.634852 1.848706 2.135750 2.509991 2.985308 3.577350 4.307186 5.212167 6.362605 7.881938 9.954981 0.000000 0.000000 0.000000
0.715470 0.715684 0.716119 0.716999 0.718664 0.721754 0.727340 0.737121 0.753695 0.780870 0.823963 0.890049 0.988088 1.128804 1.324321 1.587536 1.931329 2.368032 2.908997 3.566936 4.359846 5.322725 6.524509 8.085691 0.000000 0.000000 0.000000 0.000000
0.419009 0.419434 0.420272 0.421896 0.424904 0.430321 0.439792 0.455820 0.482068 0.523657 0.587390 0.681867 0.817415 1.005702 1.259125 1.589958 2.009382 2.526968 3.150243 3.887738 4.753449 5.779840 7.033358 0.000000 0.000000 0.000000 0.000000 0.000000
0.240962 0.241797 0.243398 0.246386 0.251769 0.261162 0.277049 0.303049 0.344211 0.407261 0.500673 0.634597 0.820515 1.070590 1.396782 1.809807 2.317979 2.926853 3.638907 4.457802 5.393749 6.476200 0.000000 0.000000 0.000000 0.000000 0.000000 0.000000
0.137826 0.139426 0.142402 0.147775 0.157159 0.173013 0.198955 0.240018 0.302887 0.396030 0.529533 0.714802 0.963915 1.288708 1.699657 2.204690 2.807894 3.509614 4.306710 5.198541 6.191687 0.000000 0.000000 0.000000 0.000000 0.000000 0.000000 0.000000
0.079654 0.082631 0.087998 0.097376 0.113233 0.139160 0.180201 0.243036 0.336098 0.469514 0.654639 0.903525 1.227962 1.638343 2.142349 2.743712 3.441029 4.228908 5.099348 6.047956 0.000000 0.000000 0.000000 0.000000 0.000000 0.000000 0.000000 0.000000
0.048496 0.053864 0.063240 0.079092 0.105029 0.146059 0.208884 0.301938 0.435300 0.620416 0.869258 1.193634 1.603883 2.107612 2.708245 3.404045 4.187550 5.048472 5.974738 0.000000 0.000000 0.000000 0.000000 0.000000 0.000000 0.000000 0.000000 0.000000
0.034548 0.043923 0.059776 0.085708 0.126754 0.189567 0.282612 0.415979 0.601034 0.849909 1.174267 1.584517 2.088180 2.688596 3.383628 4.165512 5.021592 5.937567 0.000000 0.000000 0.000000 0.000000 0.000000 0.000000 0.000000 0.000000 0.000000 0.000000
0.033158 0.049010 0.074945 0.115985 0.178823 0.271850 0.405204 0.590274 0.839063 1.163489 1.573719 2.077405 2.677760 3.372542 4.153488 5.007692 5.918252 0.000000 0.000000 0.000000 0.000000 0.000000 0.000000 0.000000 0.000000 0.000000 0.000000 0.000000
0.043134 0.069067 0.110113 0.172943 0.266009 0.399335 0.584384 0.833202 1.157502 1.567841 2.071491 2.671877 3.366578 4.147203 5.000264 5.908670 0.000000 0.000000 0.000000 0.000000 0.000000 0.000000 0.000000 0.000000 0.000000 0.000000 0.000000 0.000000
0.065936 0.106979 0.169819 0.262874 0.396257 0.581267 0.830049 1.154400 1.564561 2.068367 2.668698 3.363428 4.143942 4.996602 5.903673 0.000000 0.000000 0.000000 0.000000 0.000000 0.000000 0.000000 0.000000 0.000000 0.000000 0.000000 0.000000 0.000000
0.105353 0.168187 0.261257 0.394629 0.579717 0.828447 1.152740 1.562980 2.066548 2.667085 3.361740 4.142275 4.994788 5.901385 0.000000 0.000000 0.000000 0.000000 0.000000 0.000000 0.000000 0.000000 0.000000 0.000000 0.000000 0.000000 0.000000 0.000000
0.167363 0.260425 0.393817 0.578892 0.827726 1.151954 1.562106 2.065790 2.666024 3.360934 4.141374 4.993898 5.900316 0.000000 0.000000 0.000000 0.000000 0.000000 0.000000 0.000000 0.000000 0.000000 0.000000 0.000000 0.000000 0.000000 0.000000 0.000000
0.260014 0.393397 0.578499 0.827319 1.151677 1.561756 2.065314 2.665706 3.360248 4.140986 4.993398 5.899815 0.000000 0.000000 0.000000 0.000000 0.000000 0.000000 0.000000 0.000000 0.000000 0.000000 0.000000 0.000000 0.000000 0.000000 0.000000 0.000000
0.393190 0.578282 0.827138 1.151483 1.561716 2.065195 2.665416 3.360164 4.140473 4.993220 5.899513 0.000000 0.000000 0.000000 0.000000 0.000000 0.000000 0.000000 0.000000 0.000000 0.000000 0.000000 0.000000 0.000000 0.000000 0.000000 0.000000 0.000000
0.578168 0.827017 1.151405 1.561627 2.065283 2.665425 3.359952 4.140513 4.992780 5.899433 0.000000 0.000000 0.000000 0.000000 0.000000 0.000000 0.000000 0.000000 0.000000 0.000000 0.000000 0.000000 0.000000 0.000000 0.000000 0.000000 0.000000 0.000000
0.826936 1.151327 1.561597 2.065245 2.665581 3.360034 4.140330 4.992889 5.899022 0.000000 0.000000 0.000000 0.000000 0.000000 0.000000 0.000000 0.000000 0.000000 0.000000 0.000000 0.000000 0.000000 0.000000 0.000000 0.000000 0.000000 0.000000 0.000000
1.151245 1.561538 2.065238 2.665569 3.360227 4.140458 4.992709 5.899168 0.000000 0.000000 0.000000 0.000000 0.000000 0.000000 0.000000 0.000000 0.000000 0.000000 0.000000 0.000000 0.000000 0.000000 0.000000 0.000000 0.000000 0.000000 0.000000 0.000000
1.561437 2.065185 2.665570 3.360227 4.140669 4.992866 5.898984 0.000000 0.000000 0.000000 0.000000 0.000000 0.000000 0.000000 0.000000 0.000000 0.000000 0.000000 0.000000 0.000000 0.000000 0.000000 0.000000 0.000000 0.000000 0.000000 0.000000 0.000000
2.065054 2.665523 3.360231 4.140674 4.993086 5.899163 0.000000 0.000000 0.000000 0.000000 0.000000 0.000000 0.000000 0.000000 0.000000 0.000000 0.000000 0.000000 0.000000 0.000000 0.000000 0.000000 0.000000 0.000000 0.000000 0.000000 0.000000 0.000000
2.665353 3.360188 4.140678 4.993093 5.899385 0.000000 0.000000 0.000000 0.000000 0.000000 0.000000 0.000000 0.000000 0.000000 0.000000 0.000000 0.000000 0.000000 0.000000 0.000000 0.000000 0.000000 0.000000 0.000000 0.000000 0.000000 0.000000 0.000000
3.359980 4.140639 4.993098 5.899392 0.000000 0.000000 0.000000 0.000000 0.000000 0.000000 0.000000 0.000000 0.000000 0.000000 0.000000 0.000000 0.000000 0.000000 0.000000 0.000000 0.000000 0.000000 0.000000 0.000000 0.000000 0.000000 0.000000 0.000000
4.140398 4.993060 5.899395 0.000000 0.000000 0.000000 0.000000 0.000000 0.000000 0.000000 0.000000 0.000000 0.000000 0.000000 0.000000 0.000000 0.000000 0.000000 0.000000 0.000000 0.000000 0.000000 0.000000 0.000000 0.000000 0.000000 0.000000 0.000000
4.992790 5.899361 0.000000 0.000000 0.000000 0.000000 0.000000 0.000000 0.000000 0.000000 0.000000 0.000000 0.000000 0.000000 0.000000 0.000000 0.000000 0.000000 0.000000 0.000000 0.000000 0.000000 0.000000 0.000000 0.000000 0.000000 0.000000 0.000000
5.899072 0.000000 0.000000 0.000000 0.000000 0.000000 0.000000 0.000000 0.000000 0.000000 0.000000 0.000000 0.000000 0.000000 0.000000 0.000000 0.000000 0.000000 0.000000 0.000000 0.000000 0.000000 0.000000 0.000000 0.000000 0.000000 0.000000 0.000000
>>>>>>> 00fd3ba (upload project)
