<<<<<<< HEAD
7.420897 7.427509 7.435447 7.447605 7.463596 7.483889 7.509661 7.543009 7.586977 7.640790 7.708321 7.792824 7.896567 8.022327 8.179055 8.370656 8.604429 8.889830 9.232510 9.647364 10.146854 10.745912 11.459928 12.305627 13.305256 14.475007 15.850133 17.466923 19.375198 21.653971 24.406609 27.765196 31.850468 36.826244 42.909229 50.480843 60.340317 74.380821 97.704262 145.000000
6.620796 6.628779 6.638421 6.652707 6.671322 6.694816 6.724438 6.762388 6.811845 6.872101 6.947121 7.040289 7.153951 7.291037 7.460387 7.666126 7.915624 8.218349 8.580285 9.016423 9.539359 10.164310 10.906908 11.784242 12.819507 14.029702 15.451016 17.121231 19.090164 21.435732 24.257549 27.681999 31.823965 36.843502 42.959637 50.567619 60.497540 74.661987 98.048477 0.000000
5.891984 5.902010 5.914217 5.931650 5.954138 5.982319 6.017576 6.062215 6.119608 6.189172 6.274979 6.380585 6.508446 6.661714 6.849053 7.074898 7.346750 7.674107 8.063450 8.529921 9.086371 9.748389 10.531929 11.454488 12.540399 13.807445 15.292643 17.035252 19.084564 21.516661 24.426224 27.932955 32.145512 37.220470 43.381550 51.043594 61.069035 75.326675 0.000000 0.000000
5.234952 5.247731 5.263401 5.285024 5.312634 5.346996 5.389621 5.442975 5.510601 5.592158 5.691797 5.813279 5.959183 6.132934 6.342982 6.594154 6.894129 7.252478 7.676322 8.181042 8.779818 9.488667 10.323845 11.303163 12.451897 13.788302 15.349701 17.176222 19.315887 21.842167 24.844543 28.436361 32.721111 37.853443 44.064903 51.791031 61.876144 0.000000 0.000000 0.000000
4.642138 4.658462 4.678594 4.705538 4.739605 4.781709 4.833504 4.897631 4.977799 5.074002 5.190425 5.331068 5.498644 5.696848 5.933959 6.215242 6.548611 6.943782 7.408624 7.958844 8.607965 9.372423 10.268577 11.314284 12.535283 13.949677 15.594332 17.509441 19.741068 22.359705 25.450031 29.120470 33.471073 38.656799 44.918148 52.671482 0.000000 0.000000 0.000000 0.000000
4.108761 4.129538 4.155237 4.188763 4.230767 4.282301 4.345186 4.422267 4.517377 4.630924 4.767093 4.930125 5.122902 5.349376 5.617707 5.933651 6.305423 6.742994 7.255030 7.857566 8.564454 9.392339 10.357348 11.476936 12.776500 14.273341 16.003147 18.005358 20.323963 23.026489 26.193954 29.931721 34.338001 39.569275 45.840149 0.000000 0.000000 0.000000 0.000000 0.000000
3.631710 3.657987 3.690492 3.732025 3.783598 3.846419 3.922479 4.014842 4.127433 4.261107 4.420038 4.608686 4.830166 5.088638 5.392266 5.747320 6.162406 6.647821 7.213034 7.874322 8.645661 9.543584 10.583418 11.781665 13.162498 14.741894 16.553913 18.636751 21.032831 23.807192 27.038511 30.830772 35.280781 40.513767 0.000000 0.000000 0.000000 0.000000 0.000000 0.000000
3.208781 3.241773 3.282482 3.333628 3.396586 3.472729 3.564218 3.674355 3.807109 3.963794 4.148561 4.366081 4.619760 4.913957 5.256945 5.655548 6.118807 6.657424 7.281539 8.007417 8.848854 9.821698 10.939868 12.218315 13.679281 15.337191 17.224499 19.378214 21.839983 24.673058 27.955013 31.788754 36.236927 0.000000 0.000000 0.000000 0.000000 0.000000 0.000000 0.000000
2.838233 2.879329 2.929817 2.992370 3.068723 3.160405 3.269756 3.400309 3.556039 3.738717 3.952471 4.202164 4.491562 4.825248 5.211698 5.658304 6.174567 6.771525 7.459800 8.255165 9.170755 10.221131 11.418187 12.774849 14.311160 16.040257 17.993280 20.206646 22.721981 25.601465 28.921440 32.751167 0.000000 0.000000 0.000000 0.000000 0.000000 0.000000 0.000000 0.000000
2.518559 2.569342 2.631376 2.707328 2.799265 2.908876 3.038688 3.192424 3.374061 3.585800 3.831755 4.116989 4.445674 4.822682 5.256743 5.755804 6.329739 6.989748 7.746528 8.614814 9.606488 10.734230 12.007511 13.437136 15.041133 16.831942 18.840073 21.101988 23.659740 26.574131 29.887627 0.000000 0.000000 0.000000 0.000000 0.000000 0.000000 0.000000 0.000000 0.000000
2.248379 2.310626 2.386177 2.477712 2.587597 2.717695 2.870705 3.050490 3.261050 3.504991 3.786430 4.110656 4.482270 4.906493 5.392326 5.948158 6.584043 7.310981 8.139230 9.081845 10.148921 11.350899 12.694775 14.189511 15.851803 17.694134 19.747108 22.047560 24.637369 27.543406 0.000000 0.000000 0.000000 0.000000 0.000000 0.000000 0.000000 0.000000 0.000000 0.000000
2.026460 2.102152 2.193386 2.302870 2.433221 2.586503 2.765553 2.974338 3.216910 3.496269 3.816544 4.183303 4.601563 5.076920 5.618556 6.235106 6.936444 7.732887 8.633616 9.649531 10.788547 12.058883 13.465424 15.015952 16.726740 18.610916 20.699512 23.029308 25.609020 0.000000 0.000000 0.000000 0.000000 0.000000 0.000000 0.000000 0.000000 0.000000 0.000000 0.000000
1.851750 1.943059 2.052330 2.182292 2.335769 2.515048 2.723073 2.963880 3.241624 3.559686 3.922227 4.335133 4.803787 5.334075 5.935205 6.615681 7.384726 8.251429 9.223342 10.308901 11.513849 12.844617 14.304666 15.901420 17.651546 19.569017 21.684832 24.002851 0.000000 0.000000 0.000000 0.000000 0.000000 0.000000 0.000000 0.000000 0.000000 0.000000 0.000000 0.000000
1.723435 1.832716 1.962543 2.115659 2.295050 2.503240 2.743237 3.019153 3.335296 3.695423 4.103721 4.566405 5.089102 5.677784 6.341375 7.087793 7.925082 8.860607 9.899931 11.049111 12.312106 13.694323 15.198641 16.832796 18.614265 20.557220 22.659901 0.000000 0.000000 0.000000 0.000000 0.000000 0.000000 0.000000 0.000000 0.000000 0.000000 0.000000 0.000000 0.000000
1.640976 1.770752 1.923802 2.102871 2.311066 2.551159 2.826195 3.140381 3.498219 3.903831 4.361390 4.877369 5.457433 6.107279 6.835152 7.647872 8.551837 9.552414 10.653164 11.858228 13.170469 14.595185 16.135321 17.799274 19.604811 21.533520 0.000000 0.000000 0.000000 0.000000 0.000000 0.000000 0.000000 0.000000 0.000000 0.000000 0.000000 0.000000 0.000000 0.000000
1.604140 1.757076 1.936131 2.144054 2.384033 2.659092 2.972296 3.327980 3.730866 4.185390 4.695586 5.268036 5.908114 6.620778 7.413163 8.290540 9.257413 10.317177 11.471789 12.724195 14.077003 15.536101 17.104828 18.791639 20.582052 0.000000 0.000000 0.000000 0.000000 0.000000 0.000000 0.000000 0.000000 0.000000 0.000000 0.000000 0.000000 0.000000 0.000000 0.000000
1.612990 1.791874 1.999810 2.239570 2.514384 2.827539 3.182114 3.582576 4.033855 4.540592 5.106466 5.737899 6.439537 7.215123 8.070316 9.008597 10.032616 11.144243 12.344438 13.635824 15.021372 16.507999 18.098715 19.769575 0.000000 0.000000 0.000000 0.000000 0.000000 0.000000 0.000000 0.000000 0.000000 0.000000 0.000000 0.000000 0.000000 0.000000 0.000000 0.000000
1.667880 1.875599 2.115368 2.390014 2.702778 3.057219 3.456421 3.904930 4.407818 4.969725 5.593648 6.285497 7.048708 7.885459 8.799728 9.793278 10.867320 12.022822 13.260569 14.583461 15.995197 17.503035 19.077227 0.000000 0.000000 0.000000 0.000000 0.000000 0.000000 0.000000 0.000000 0.000000 0.000000 0.000000 0.000000 0.000000 0.000000 0.000000 0.000000 0.000000
1.769428 2.008948 2.283569 2.596207 2.950090 3.349046 3.796127 4.295819 4.853178 5.472548 6.155828 6.908033 7.730994 8.625201 9.593020 10.634912 11.751266 12.942949 14.211075 15.559199 16.991137 18.481979 0.000000 0.000000 0.000000 0.000000 0.000000 0.000000 0.000000 0.000000 0.000000 0.000000 0.000000 0.000000 0.000000 0.000000 0.000000 0.000000 0.000000 0.000000
1.918500 2.192849 2.505405 2.859185 3.257385 3.704055 4.202129 4.755796 5.369814 6.047887 6.790376 7.601094 8.480066 9.426289 10.440908 11.523683 12.674957 13.895977 15.188500 16.556135 17.970394 0.000000 0.000000 0.000000 0.000000 0.000000 0.000000 0.000000 0.000000 0.000000 0.000000 0.000000 0.000000 0.000000 0.000000 0.000000 0.000000 0.000000 0.000000 0.000000
2.116185 2.428447 2.782078 3.180175 3.625850 4.123275 4.675089 5.284865 5.956687 6.693273 7.493095 8.358612 9.288188 10.279835 11.334035 12.450553 13.630205 14.874845 16.186283 17.535795 0.000000 0.000000 0.000000 0.000000 0.000000 0.000000 0.000000 0.000000 0.000000 0.000000 0.000000 0.000000 0.000000 0.000000 0.000000 0.000000 0.000000 0.000000 0.000000 0.000000
2.363791 2.717103 3.114973 3.560524 4.056666 4.607515 5.215132 5.882115 6.611467 7.404667 8.258151 9.173132 10.146839 11.176891 12.263778 13.407772 14.610339 15.873363 17.166275 0.000000 0.000000 0.000000 0.000000 0.000000 0.000000 0.000000 0.000000 0.000000 0.000000 0.000000 0.000000 0.000000 0.000000 0.000000 0.000000 0.000000 0.000000 0.000000 0.000000 0.000000
2.662839 3.060350 3.505591 4.001570 4.550795 5.157053 5.821486 6.545378 7.330293 8.176459 9.078387 10.036453 11.047433 12.109224 13.222780 14.389040 15.609487 16.853653 0.000000 0.000000 0.000000 0.000000 0.000000 0.000000 0.000000 0.000000 0.000000 0.000000 0.000000 0.000000 0.000000 0.000000 0.000000 0.000000 0.000000 0.000000 0.000000 0.000000 0.000000 0.000000
3.015022 3.459839 3.955405 4.504426 5.108663 5.771279 6.492127 7.270963 8.107768 9.001720 9.945873 10.940311 11.982119 13.069849 14.205072 15.388758 16.590038 0.000000 0.000000 0.000000 0.000000 0.000000 0.000000 0.000000 0.000000 0.000000 0.000000 0.000000 0.000000 0.000000 0.000000 0.000000 0.000000 0.000000 0.000000 0.000000 0.000000 0.000000 0.000000 0.000000
3.422131 3.917186 4.465647 5.069654 5.729792 6.448335 7.223566 8.053675 8.937226 9.872803 10.852667 11.877166 12.944211 14.053077 15.205320 16.369553 0.000000 0.000000 0.000000 0.000000 0.000000 0.000000 0.000000 0.000000 0.000000 0.000000 0.000000 0.000000 0.000000 0.000000 0.000000 0.000000 0.000000 0.000000 0.000000 0.000000 0.000000 0.000000 0.000000 0.000000
3.885916 4.433749 5.036997 5.696909 6.412460 7.184886 8.010805 8.887074 9.811298 10.782020 11.791473 12.840614 13.928293 15.053802 16.186338 0.000000 0.000000 0.000000 0.000000 0.000000 0.000000 0.000000 0.000000 0.000000 0.000000 0.000000 0.000000 0.000000 0.000000 0.000000 0.000000 0.000000 0.000000 0.000000 0.000000 0.000000 0.000000 0.000000 0.000000 0.000000
4.407862 5.010334 5.669214 6.384580 7.153471 7.976088 8.847604 9.764011 10.722569 11.722385 12.756155 13.825479 14.929463 16.035044 0.000000 0.000000 0.000000 0.000000 0.000000 0.000000 0.000000 0.000000 0.000000 0.000000 0.000000 0.000000 0.000000 0.000000 0.000000 0.000000 0.000000 0.000000 0.000000 0.000000 0.000000 0.000000 0.000000 0.000000 0.000000 0.000000
4.988882 5.646810 6.360803 7.129569 7.948116 8.815868 9.727022 10.677297 11.664280 12.688004 13.741729 14.827042 15.910896 0.000000 0.000000 0.000000 0.000000 0.000000 0.000000 0.000000 0.000000 0.000000 0.000000 0.000000 0.000000 0.000000 0.000000 0.000000 0.000000 0.000000 0.000000 0.000000 0.000000 0.000000 0.000000 0.000000 0.000000 0.000000 0.000000 0.000000
5.628954 6.341796 7.108787 7.927280 8.790479 9.697450 10.642056 11.620388 12.630726 13.674107 14.743657 15.808646 0.000000 0.000000 0.000000 0.000000 0.000000 0.000000 0.000000 0.000000 0.000000 0.000000 0.000000 0.000000 0.000000 0.000000 0.000000 0.000000 0.000000 0.000000 0.000000 0.000000 0.000000 0.000000 0.000000 0.000000 0.000000 0.000000 0.000000 0.000000
6.326792 7.092417 7.908708 8.771894 9.673926 10.614008 11.586345 12.587741 13.617287 14.676321 15.725417 0.000000 0.000000 0.000000 0.000000 0.000000 0.000000 0.000000 0.000000 0.000000 0.000000 0.000000 0.000000 0.000000 0.000000 0.000000 0.000000 0.000000 0.000000 0.000000 0.000000 0.000000 0.000000 0.000000 0.000000 0.000000 0.000000 0.000000 0.000000 0.000000
7.079624 7.894332 8.754869 9.656912 10.591781 11.559315 12.554479 13.574873 14.619700 15.658208 0.000000 0.000000 0.000000 0.000000 0.000000 0.000000 0.000000 0.000000 0.000000 0.000000 0.000000 0.000000 0.000000 0.000000 0.000000 0.000000 0.000000 0.000000 0.000000 0.000000 0.000000 0.000000 0.000000 0.000000 0.000000 0.000000 0.000000 0.000000 0.000000 0.000000
7.883214 8.741955 9.640896 10.575788 11.537935 12.528092 13.542099 14.577621 15.601659 0.000000 0.000000 0.000000 0.000000 0.000000 0.000000 0.000000 0.000000 0.000000 0.000000 0.000000 0.000000 0.000000 0.000000 0.000000 0.000000 0.000000 0.000000 0.000000 0.000000 0.000000 0.000000 0.000000 0.000000 0.000000 0.000000 0.000000 0.000000 0.000000 0.000000 0.000000
8.732071 9.629029 10.560351 11.522552 12.507224 13.516076 14.545098 15.559735 0.000000 0.000000 0.000000 0.000000 0.000000 0.000000 0.000000 0.000000 0.000000 0.000000 0.000000 0.000000 0.000000 0.000000 0.000000 0.000000 0.000000 0.000000 0.000000 0.000000 0.000000 0.000000 0.000000 0.000000 0.000000 0.000000 0.000000 0.000000 0.000000 0.000000 0.000000 0.000000
9.620050 10.549229 11.507392 12.492176 13.495488 14.519266 15.527328 0.000000 0.000000 0.000000 0.000000 0.000000 0.000000 0.000000 0.000000 0.000000 0.000000 0.000000 0.000000 0.000000 0.000000 0.000000 0.000000 0.000000 0.000000 0.000000 0.000000 0.000000 0.000000 0.000000 0.000000 0.000000 0.000000 0.000000 0.000000 0.000000 0.000000 0.000000 0.000000 0.000000
10.540922 11.496805 12.477095 13.480612 14.498806 15.501565 0.000000 0.000000 0.000000 0.000000 0.000000 0.000000 0.000000 0.000000 0.000000 0.000000 0.000000 0.000000 0.000000 0.000000 0.000000 0.000000 0.000000 0.000000 0.000000 0.000000 0.000000 0.000000 0.000000 0.000000 0.000000 0.000000 0.000000 0.000000 0.000000 0.000000 0.000000 0.000000 0.000000 0.000000
11.488989 12.466905 13.465519 14.484024 15.481164 0.000000 0.000000 0.000000 0.000000 0.000000 0.000000 0.000000 0.000000 0.000000 0.000000 0.000000 0.000000 0.000000 0.000000 0.000000 0.000000 0.000000 0.000000 0.000000 0.000000 0.000000 0.000000 0.000000 0.000000 0.000000 0.000000 0.000000 0.000000 0.000000 0.000000 0.000000 0.000000 0.000000 0.000000 0.000000
12.459452 13.455606 14.468878 15.466425 0.000000 0.000000 0.000000 0.000000 0.000000 0.000000 0.000000 0.000000 0.000000 0.000000 0.000000 0.000000 0.000000 0.000000 0.000000 0.000000 0.000000 0.000000 0.000000 0.000000 0.000000 0.000000 0.000000 0.000000 0.000000 0.000000 0.000000 0.000000 0.000000 0.000000 0.000000 0.000000 0.000000 0.000000 0.000000 0.000000
13.448385 14.459144 15.451244 0.000000 0.000000 0.000000 0.000000 0.000000 0.000000 0.000000 0.000000 0.000000 0.000000 0.000000 0.000000 0.000000 0.000000 0.000000 0.000000 0.000000 0.000000 0.000000 0.000000 0.000000 0.000000 0.000000 0.000000 0.000000 0.000000 0.000000 0.000000 0.000000 0.000000 0.000000 0.000000 0.000000 0.000000 0.000000 0.000000 0.000000
14.452056 15.441601 0.000000 0.000000 0.000000 0.000000 0.000000 0.000000 0.000000 0.000000 0.000000 0.000000 0.000000 0.000000 0.000000 0.000000 0.000000 0.000000 0.000000 0.000000 0.000000 0.000000 0.000000 0.000000 0.000000 0.000000 0.000000 0.000000 0.000000 0.000000 0.000000 0.000000 0.000000 0.000000 0.000000 0.000000 0.000000 0.000000 0.000000 0.000000
15.434568 0.000000 0.000000 0.000000 0.000000 0.000000 0.000000 0.000000 0.000000 0.000000 0.000000 0.000000 0.000000 0.000000 0.000000 0.000000 0.000000 0.000000 0.000000 0.000000 0.000000 0.000000 0.000000 0.000000 0.000000 0.000000 0.000000 0.000000 0.000000 0.000000 0.000000 0.000000 0.000000 0.000000 0.000000 0.000000 0.000000 0.000000 0.000000 0.000000
=======
43.239414 44.016197 44.815231 45.637703 46.481453 47.343376 48.222233 49.120148 50.040062 50.976040 51.929501 52.901070 53.888203 54.885639 55.909927 56.957664 58.032967 59.146030 60.289608 61.484493 62.743828 64.089165 65.541130 67.131905 68.917175 70.940308 73.298981 76.079941 79.390167 83.375870 88.212746 94.117966 101.260574 109.968224 120.780594 134.844498 154.758423 186.352875 242.253571 350.000000
42.283791 43.060490 43.859428 44.681820 45.525482 46.387318 47.266102 48.163921 49.083778 50.019669 50.973034 51.944500 52.931545 53.928818 54.953003 56.000633 57.075832 58.188820 59.332298 60.527081 61.786293 63.131496 64.583321 66.173943 67.959015 69.981873 72.340302 75.120979 78.430855 82.416229 87.252579 93.157387 100.299843 109.008514 119.827240 133.913605 153.891815 185.624298 241.669601 0.000000
41.326263 42.103451 42.902847 43.725746 44.569942 45.432308 46.311630 47.210014 48.130505 49.066978 50.020939 50.993031 51.980656 52.978466 54.003304 55.051579 56.127445 57.241230 58.385433 59.580971 60.840961 62.186993 63.639725 65.231354 67.017555 69.041519 71.401413 74.183800 77.495804 81.483627 86.323105 92.232285 99.381393 108.104156 118.958794 133.141479 153.347916 185.459900 0.000000 0.000000
40.366138 41.143890 41.943813 42.767315 43.612129 44.475117 45.355061 46.254093 47.175327 48.112488 49.067139 50.039940 51.028294 52.026798 53.052380 54.101433 55.178082 56.292736 57.437763 58.634144 59.895092 61.242107 62.695873 64.288635 66.076157 68.101570 70.463158 73.247627 76.561966 80.552818 85.396393 91.312317 98.475723 107.236794 118.197182 132.643463 153.342911 0.000000 0.000000 0.000000
39.393005 40.171185 40.971466 41.795406 42.640678 43.504147 44.384563 45.284084 46.205887 47.143555 48.098728 49.072037 50.060913 51.059891 52.086044 53.135651 54.212883 55.328209 56.473831 57.670876 58.932468 60.280231 61.734798 63.328362 65.116837 67.143234 69.506096 72.292152 75.608421 79.602036 84.450630 90.379181 97.580086 106.449799 117.690170 132.684418 0.000000 0.000000 0.000000 0.000000
38.405628 39.184002 39.984398 40.808552 41.654026 42.517712 43.398346 44.298058 45.220188 46.158089 47.113522 48.087105 49.076229 50.075321 51.101711 52.151585 53.229092 54.344826 55.490707 56.688034 57.949966 59.298054 60.753002 62.346825 64.135788 66.162575 68.526024 71.313057 74.630646 78.627663 83.487152 89.451424 96.762665 105.921463 117.738487 0.000000 0.000000 0.000000 0.000000 0.000000
37.405701 38.184002 38.984337 39.808445 40.653873 41.517517 42.398144 43.297794 44.219910 45.157784 46.113167 47.086765 48.075851 49.074741 50.101063 51.150875 52.228344 53.344196 54.489983 55.687256 56.949123 58.297173 59.752029 61.345718 63.134602 65.161034 67.524582 70.312134 73.632065 77.638779 82.533188 88.607246 96.213852 105.964951 0.000000 0.000000 0.000000 0.000000 0.000000 0.000000
36.396374 37.174465 37.974422 38.798286 39.643467 40.506844 41.387184 42.286488 43.208477 44.146049 45.101139 46.074478 47.063301 48.061615 49.087631 50.137115 51.214245 52.330070 53.475433 54.672340 55.933834 57.281433 58.735870 60.328968 62.117470 64.143036 66.506416 69.295776 72.624619 76.665741 81.671104 88.041084 96.250664 0.000000 0.000000 0.000000 0.000000 0.000000 0.000000 0.000000
35.381565 36.159260 36.958630 37.782074 38.626820 39.489792 40.369678 41.268459 42.190178 43.127274 44.081894 45.054855 46.043182 47.040630 48.066109 49.115063 50.191662 51.307331 52.451969 53.648308 54.909145 56.256096 57.709774 59.301937 61.089832 63.114460 65.479248 68.277519 71.640694 75.793129 81.097366 88.071770 0.000000 0.000000 0.000000 0.000000 0.000000 0.000000 0.000000 0.000000
34.365276 35.142487 35.941090 36.764015 37.608234 38.470634 39.349895 40.248058 41.169506 42.106018 43.060036 44.032455 45.020203 46.016743 47.041595 48.089909 49.165794 50.281017 51.424934 52.620499 53.880577 55.226685 56.679466 58.270626 60.058022 62.083675 64.457108 67.290100 70.765091 75.217247 81.128059 0.000000 0.000000 0.000000 0.000000 0.000000 0.000000 0.000000 0.000000 0.000000
33.350769 34.127457 34.925228 35.747593 36.591286 37.453098 38.331688 39.229168 40.150349 41.086224 42.039566 43.011414 43.998550 44.994160 46.018314 47.065876 48.141052 49.255821 50.398838 51.593594 52.852833 54.198074 55.650028 57.240360 59.029301 61.063442 63.471920 66.417572 70.192688 75.250862 0.000000 0.000000 0.000000 0.000000 0.000000 0.000000 0.000000 0.000000 0.000000 0.000000
32.340466 33.116642 33.913624 34.735424 35.578613 36.439823 37.317760 38.214542 39.135441 40.070694 41.023418 41.994728 42.981339 43.976070 44.999538 46.046410 47.120853 48.235096 49.377171 50.571136 51.829586 53.174030 54.625648 56.217125 58.015404 60.084724 62.606178 65.852448 70.231384 0.000000 0.000000 0.000000 0.000000 0.000000 0.000000 0.000000 0.000000 0.000000 0.000000 0.000000
31.335814 32.111538 32.907726 33.729053 34.571781 35.432476 36.309807 37.205853 38.126534 39.061214 40.013359 40.984325 41.970356 42.964436 43.987267 45.033497 46.107265 47.220890 48.362011 49.555298 50.813084 52.157333 53.610676 55.211109 57.045475 59.228210 62.049747 65.897690 0.000000 0.000000 0.000000 0.000000 0.000000 0.000000 0.000000 0.000000 0.000000 0.000000 0.000000 0.000000
30.337589 31.112942 31.908537 32.729458 33.571812 34.432076 35.308819 36.204144 37.124653 38.058830 39.010448 39.981163 40.966827 41.960423 42.982735 44.028404 45.101624 46.214603 47.354782 48.547531 49.805271 51.151371 52.614368 54.250294 56.198887 58.681561 62.101650 0.000000 0.000000 0.000000 0.000000 0.000000 0.000000 0.000000 0.000000 0.000000 0.000000 0.000000 0.000000 0.000000
29.346397 30.121481 30.916645 31.737267 32.579369 33.439278 34.315506 35.210136 36.130375 37.064148 38.015350 38.985992 39.971432 40.964729 41.986584 43.031792 44.104565 45.216888 46.356281 47.549046 48.808811 50.164619 51.663830 53.413204 55.661793 58.740074 0.000000 0.000000 0.000000 0.000000 0.000000 0.000000 0.000000 0.000000 0.000000 0.000000 0.000000 0.000000 0.000000 0.000000
28.363213 29.138140 29.933056 30.753481 31.595432 32.455105 33.330795 34.224819 35.144852 36.078297 37.029167 37.999825 38.985241 39.978382 40.999886 42.044712 43.117107 44.228935 45.368015 46.562916 47.832451 49.224178 50.837177 52.884678 55.726288 0.000000 0.000000 0.000000 0.000000 0.000000 0.000000 0.000000 0.000000 0.000000 0.000000 0.000000 0.000000 0.000000 0.000000 0.000000
27.389742 28.164631 28.959509 29.779833 30.621834 31.481358 32.356583 33.250111 34.169941 35.103153 36.053783 37.024540 38.010021 39.003159 40.024349 41.068913 42.141102 43.252869 44.393673 45.598289 46.903625 48.407753 50.318180 52.954346 0.000000 0.000000 0.000000 0.000000 0.000000 0.000000 0.000000 0.000000 0.000000 0.000000 0.000000 0.000000 0.000000 0.000000 0.000000 0.000000
26.428787 27.203779 27.998793 28.819115 29.661339 30.520840 31.395630 32.288826 33.208508 34.141563 35.092026 36.062881 37.048538 38.041756 39.062744 40.107159 41.179657 42.293224 43.443253 44.683186 46.100197 47.897823 50.393608 0.000000 0.000000 0.000000 0.000000 0.000000 0.000000 0.000000 0.000000 0.000000 0.000000 0.000000 0.000000 0.000000 0.000000 0.000000 0.000000 0.000000
25.484318 26.259584 27.054956 27.875458 28.718046 29.577618 30.452162 31.345150 32.264702 33.197716 34.148090 35.119034 36.104935 37.098335 38.119244 39.163982 40.238594 41.361141 42.545471 43.895325 45.603203 47.978359 0.000000 0.000000 0.000000 0.000000 0.000000 0.000000 0.000000 0.000000 0.000000 0.000000 0.000000 0.000000 0.000000 0.000000 0.000000 0.000000 0.000000 0.000000
24.561602 25.337324 26.133253 26.954115 27.797268 28.657053 29.531466 30.424458 31.343956 32.276966 33.227306 34.198330 35.184536 36.178268 37.199532 38.246357 39.329956 40.485764 41.777542 43.413570 45.691921 0.000000 0.000000 0.000000 0.000000 0.000000 0.000000 0.000000 0.000000 0.000000 0.000000 0.000000 0.000000 0.000000 0.000000 0.000000 0.000000 0.000000 0.000000 0.000000
23.666891 24.443338 25.240032 26.061430 26.905293 27.765459 28.639956 29.533102 30.452635 31.385773 32.336201 33.307335 34.293880 35.288414 36.311687 37.367165 38.483276 39.743305 41.315086 43.511803 0.000000 0.000000 0.000000 0.000000 0.000000 0.000000 0.000000 0.000000 0.000000 0.000000 0.000000 0.000000 0.000000 0.000000 0.000000 0.000000 0.000000 0.000000 0.000000 0.000000
22.807241 23.584690 24.382496 25.204668 26.049377 26.910112 27.784914 28.678373 29.598045 30.531431 31.482044 32.453430 33.440674 34.437588 35.469154 36.555828 37.773079 39.305321 41.425446 0.000000 0.000000 0.000000 0.000000 0.000000 0.000000 0.000000 0.000000 0.000000 0.000000 0.000000 0.000000 0.000000 0.000000 0.000000 0.000000 0.000000 0.000000 0.000000 0.000000 0.000000
21.990337 22.769138 23.568428 24.391611 25.237415 26.098967 26.974348 27.868296 28.788216 29.721992 30.672947 31.644941 32.634293 33.639580 34.700867 35.884655 37.365582 39.431049 0.000000 0.000000 0.000000 0.000000 0.000000 0.000000 0.000000 0.000000 0.000000 0.000000 0.000000 0.000000 0.000000 0.000000 0.000000 0.000000 0.000000 0.000000 0.000000 0.000000 0.000000 0.000000
21.224264 22.004833 22.806057 23.630589 24.477722 25.340305 26.216469 27.111145 28.031464 28.965862 29.917576 30.891613 31.888693 32.922592 34.076473 35.513794 37.510429 0.000000 0.000000 0.000000 0.000000 0.000000 0.000000 0.000000 0.000000 0.000000 0.000000 0.000000 0.000000 0.000000 0.000000 0.000000 0.000000 0.000000 0.000000 0.000000 0.000000 0.000000 0.000000 0.000000
20.517109 21.299898 22.103567 22.929815 23.778553 24.642511 25.519697 26.415348 27.336285 28.271784 29.225609 30.206848 31.230673 32.352749 33.748703 35.681526 0.000000 0.000000 0.000000 0.000000 0.000000 0.000000 0.000000 0.000000 0.000000 0.000000 0.000000 0.000000 0.000000 0.000000 0.000000 0.000000 0.000000 0.000000 0.000000 0.000000 0.000000 0.000000 0.000000 0.000000
19.876686 20.662243 21.468853 22.297279 23.147970 24.013638 24.892118 25.789026 26.711012 27.648855 28.609644 29.615854 30.722479 32.074566 33.943302 0.000000 0.000000 0.000000 0.000000 0.000000 0.000000 0.000000 0.000000 0.000000 0.000000 0.000000 0.000000 0.000000 0.000000 0.000000 0.000000 0.000000 0.000000 0.000000 0.000000 0.000000 0.000000 0.000000 0.000000 0.000000
19.310287 20.099171 20.909250 21.740341 22.593376 23.461103 24.341208 25.239820 26.164082 27.108776 28.092955 29.176401 30.499594 32.299900 0.000000 0.000000 0.000000 0.000000 0.000000 0.000000 0.000000 0.000000 0.000000 0.000000 0.000000 0.000000 0.000000 0.000000 0.000000 0.000000 0.000000 0.000000 0.000000 0.000000 0.000000 0.000000 0.000000 0.000000 0.000000 0.000000
18.824251 19.617069 20.431129 21.265360 22.121149 22.991379 23.873611 24.775068 25.705742 26.672289 27.728380 29.014288 30.759054 0.000000 0.000000 0.000000 0.000000 0.000000 0.000000 0.000000 0.000000 0.000000 0.000000 0.000000 0.000000 0.000000 0.000000 0.000000 0.000000 0.000000 0.000000 0.000000 0.000000 0.000000 0.000000 0.000000 0.000000 0.000000 0.000000 0.000000
18.423780 19.221115 20.039679 20.877586 21.736580 22.609859 23.495411 24.403496 25.354301 26.387100 27.631680 29.310898 0.000000 0.000000 0.000000 0.000000 0.000000 0.000000 0.000000 0.000000 0.000000 0.000000 0.000000 0.000000 0.000000 0.000000 0.000000 0.000000 0.000000 0.000000 0.000000 0.000000 0.000000 0.000000 0.000000 0.000000 0.000000 0.000000 0.000000 0.000000
18.112764 18.915239 19.738829 20.580877 21.443609 22.321014 23.213360 24.140541 25.152277 26.358618 27.968067 0.000000 0.000000 0.000000 0.000000 0.000000 0.000000 0.000000 0.000000 0.000000 0.000000 0.000000 0.000000 0.000000 0.000000 0.000000 0.000000 0.000000 0.000000 0.000000 0.000000 0.000000 0.000000 0.000000 0.000000 0.000000 0.000000 0.000000 0.000000 0.000000
17.893671 18.701878 19.530960 20.377697 21.245178 22.129860 23.040331 24.023581 25.194921 26.736132 0.000000 0.000000 0.000000 0.000000 0.000000 0.000000 0.000000 0.000000 0.000000 0.000000 0.000000 0.000000 0.000000 0.000000 0.000000 0.000000 0.000000 0.000000 0.000000 0.000000 0.000000 0.000000 0.000000 0.000000 0.000000 0.000000 0.000000 0.000000 0.000000 0.000000
17.767492 18.582001 19.417150 20.269493 21.144480 22.046501 23.008564 24.137924 25.615322 0.000000 0.000000 0.000000 0.000000 0.000000 0.000000 0.000000 0.000000 0.000000 0.000000 0.000000 0.000000 0.000000 0.000000 0.000000 0.000000 0.000000 0.000000 0.000000 0.000000 0.000000 0.000000 0.000000 0.000000 0.000000 0.000000 0.000000 0.000000 0.000000 0.000000 0.000000
17.733856 18.555243 19.397331 20.257753 21.149199 22.098577 23.193916 24.601149 0.000000 0.000000 0.000000 0.000000 0.000000 0.000000 0.000000 0.000000 0.000000 0.000000 0.000000 0.000000 0.000000 0.000000 0.000000 0.000000 0.000000 0.000000 0.000000 0.000000 0.000000 0.000000 0.000000 0.000000 0.000000 0.000000 0.000000 0.000000 0.000000 0.000000 0.000000 0.000000
17.791117 18.620220 19.471453 20.347960 21.282642 22.353159 23.699400 0.000000 0.000000 0.000000 0.000000 0.000000 0.000000 0.000000 0.000000 0.000000 0.000000 0.000000 0.000000 0.000000 0.000000 0.000000 0.000000 0.000000 0.000000 0.000000 0.000000 0.000000 0.000000 0.000000 0.000000 0.000000 0.000000 0.000000 0.000000 0.000000 0.000000 0.000000 0.000000 0.000000
17.936831 18.775623 19.643002 20.559431 21.603670 22.899477 0.000000 0.000000 0.000000 0.000000 0.000000 0.000000 0.000000 0.000000 0.000000 0.000000 0.000000 0.000000 0.000000 0.000000 0.000000 0.000000 0.000000 0.000000 0.000000 0.000000 0.000000 0.000000 0.000000 0.000000 0.000000 0.000000 0.000000 0.000000 0.000000 0.000000 0.000000 0.000000 0.000000 0.000000
18.168545 19.023199 19.927919 20.943815 22.189062 0.000000 0.000000 0.000000 0.000000 0.000000 0.000000 0.000000 0.000000 0.000000 0.000000 0.000000 0.000000 0.000000 0.000000 0.000000 0.000000 0.000000 0.000000 0.000000 0.000000 0.000000 0.000000 0.000000 0.000000 0.000000 0.000000 0.000000 0.000000 0.000000 0.000000 0.000000 0.000000 0.000000 0.000000 0.000000
18.486727 19.376028 20.371292 21.566212 0.000000 0.000000 0.000000 0.000000 0.000000 0.000000 0.000000 0.000000 0.000000 0.000000 0.000000 0.000000 0.000000 0.000000 0.000000 0.000000 0.000000 0.000000 0.000000 0.000000 0.000000 0.000000 0.000000 0.000000 0.000000 0.000000 0.000000 0.000000 0.000000 0.000000 0.000000 0.000000 0.000000 0.000000 0.000000 0.000000
18.901972 19.873543 21.027987 0.000000 0.000000 0.000000 0.000000 0.000000 0.000000 0.000000 0.000000 0.000000 0.000000 0.000000 0.000000 0.000000 0.000000 0.000000 0.000000 0.000000 0.000000 0.000000 0.000000 0.000000 0.000000 0.000000 0.000000 0.000000 0.000000 0.000000 0.000000 0.000000 0.000000 0.000000 0.000000 0.000000 0.000000 0.000000 0.000000 0.000000
19.448868 20.561600 0.000000 0.000000 0.000000 0.000000 0.000000 0.000000 0.000000 0.000000 0.000000 0.000000 0.000000 0.000000 0.000000 0.000000 0.000000 0.000000 0.000000 0.000000 0.000000 0.000000 0.000000 0.000000 0.000000 0.000000 0.000000 0.000000 0.000000 0.000000 0.000000 0.000000 0.000000 0.000000 0.000000 0.000000 0.000000 0.000000 0.000000 0.000000
20.165398 0.000000 0.000000 0.000000 0.000000 0.000000 0.000000 0.000000 0.000000 0.000000 0.000000 0.000000 0.000000 0.000000 0.000000 0.000000 0.000000 0.000000 0.000000 0.000000 0.000000 0.000000 0.000000 0.000000 0.000000 0.000000 0.000000 0.000000 0.000000 0.000000 0.000000 0.000000 0.000000 0.000000 0.000000 0.000000 0.000000 0.000000 0.000000 0.000000
>>>>>>> 00fd3ba (upload project)
