<<<<<<< HEAD
0,0,-0.9701353333333328,1.489184999999999,22.09873,0.0
0,1,-0.9701353333333328,1.489184999999999,22.09873,0.0
0,2,-0.9676093333333332,1.777394000000001,21.810520999999998,0.0
0,3,-0.963749,2.0681800000000017,21.228948999999997,0.0
0,4,-0.9585240000000006,2.3364009999999986,20.424286000000006,0.0
0,5,-0.9493139999999993,2.562518999999998,19.519814000000007,0.0
0,6,-0.9326669999999986,2.7408789999999996,18.628014,0.0
0,7,-0.9079399999999964,2.884163000000001,17.768309999999992,0.0
0,8,-0.8616559999999964,3.023308,16.794294999999998,0.0
0,9,-0.7792510000000021,3.2103269999999995,15.298143000000003,0.0
0,10,-0.6421739999999971,3.5180089999999993,12.529005000000005,0.0
0,11,-0.43258300000000105,4.052986000000004,7.179234999999956,0.0
0,12,-0.14083800000000224,4.943626999999999,-2.6178159999999906,0.0
0,13,0.21943199999999052,6.343100999999997,-19.411503999999958,0.0
0,14,0.5832179999999951,8.722820000000006,-50.34785100000008,0.0
0,15,0.7801360000000273,16.228370999999996,-155.42556499999995,0.0
1,0,-0.9701353333333328,1.489184999999999,22.09873,0.00881033333333403
1,1,-0.9676093333333332,1.4967629999999978,22.091152,0.008303333333333995
1,2,-0.963749,1.7889750000000006,21.787359,0.00710899999999981
1,3,-0.9585240000000006,2.083855,21.181924000000002,0.005941999999997449
1,4,-0.949313999999999,2.3591580000000034,20.333257999999987,0.0036690000000000333
1,5,-0.9326669999999977,2.595813000000002,19.35334399999999,0.0
1,6,-0.9079399999999964,2.787710000000004,18.347027999999973,0.0
1,7,-0.8616559999999946,2.9541630000000114,17.27830999999992,0.0
1,8,-0.7792510000000004,3.1296929999999987,15.94321500000001,0.0
1,9,-0.6421739999999989,3.368561000000003,13.874036999999975,0.0
1,10,-0.43258300000000105,3.7406729999999926,10.302365000000071,0.0
1,11,-0.14083799999999513,4.345994000000002,3.9561469999999765,0.0
1,12,0.21943199999999763,5.303896999999999,-6.941055999999989,0.0
1,13,0.6081620000000001,6.706887000000002,-24.165666000000016,0.0
1,14,0.854689999999998,8.919738000000002,-53.17925700000003,0.0
2,0,-0.9701353333333328,1.489184999999999,22.09873,0.0030146666666639454
2,1,-0.9676093333333332,1.4967629999999978,22.091152,0.0022016666666679896
2,2,-0.963749,1.7889750000000006,21.787359,0.0005109999999994841
2,3,-0.9585240000000006,2.083855,21.181924000000002,0.0
2,4,-0.949313999999999,2.3591580000000034,20.333257999999987,0.0
2,5,-0.9300439999999988,2.6006550000000033,19.326510999999982,0.0
2,6,-0.8853720000000038,2.814643999999994,18.16285600000004,0.0
2,7,-0.8032310000000038,3.0190299999999937,16.76581600000005,0.0
2,8,-0.6633309999999994,3.2527410000000003,14.842910999999994,0.0
2,9,-0.4456559999999996,3.569892000000003,11.865539999999974,0.0
2,10,-0.1421009999999967,4.031154999999998,7.107063000000011,0.0
2,11,0.2296400000000034,4.716472000000003,-0.4895890000000378,0.0
2,12,0.6198929999999976,5.682418999999996,-11.895511999999947,0.0
2,13,0.870980000000003,6.953415,-27.64963800000001,0.0
3,0,-0.9701353333333328,1.489184999999999,22.09873,0.0
3,1,-0.9676093333333332,1.4967629999999978,22.091152,0.0
3,2,-0.963749,1.7889750000000006,21.787359,0.0
3,3,-0.9536510000000007,2.0887279999999997,21.157559000000003,0.0
3,4,-0.9233590000000014,2.3762089999999993,20.204240000000006,0.0
3,5,-0.8897380000000013,2.640961000000001,19.044369,0.0
3,6,-0.8096729999999965,2.8903430000000014,17.557263999999982,0.0
3,7,-0.670459000000001,3.1518019999999964,15.570868000000026,0.0
3,8,-0.45046899999999823,3.4662799999999976,12.708875000000013,0.0
3,9,-0.14049500000000137,3.875053000000001,8.508768999999994,0.0
3,10,0.24245799999999917,4.409774999999996,2.547412000000037,0.0
3,11,0.6261520000000047,5.098240000000004,-5.4883200000000585,0.0
3,12,0.870980000000003,5.933506000000001,-15.410730000000022,0.0
4,0,-0.9598220000000026,1.4967629999999978,22.06779000000001,0.0
4,1,-0.9539639999999991,1.5026210000000013,22.044357999999995,0.0
4,2,-0.9436150000000012,1.7993239999999986,21.706259000000006,0.0
4,3,-0.9233590000000014,2.1089839999999995,21.005915000000005,0.0
4,4,-0.8829879999999974,2.4165800000000033,19.92164299999998,0.0
4,5,-0.7918810000000001,2.7179889999999993,18.351579000000005,0.0
4,6,-0.6600400000000022,3.0265710000000006,16.281305000000007,0.0
4,7,-0.4511459999999943,3.370388000000002,13.382826999999967,0.0
4,8,-0.13990100000000183,3.776847999999994,9.292627000000053,0.0
4,9,0.24245799999999917,4.257412000000002,3.918678999999983,0.0
4,10,0.6288610000000006,4.793469000000002,-2.4514460000000184,0.0
4,11,0.8769909999999967,5.349078999999996,-9.000065999999947,0.0
5,0,-0.9343579999999996,1.5026210000000013,21.965933999999997,0.0
5,1,-0.9236240000000002,1.5133550000000007,21.912264,0.0
5,2,-0.9039119999999983,1.8190360000000005,21.50802299999999,0.0
5,3,-0.8654729999999979,2.147423,20.65905399999999,0.0
5,4,-0.7918810000000001,2.490172000000001,19.262846999999997,0.0
5,5,-0.6600400000000022,2.849829999999997,17.165010000000024,0.0
5,6,-0.43267799999999923,3.2408660000000005,14.073019999999993,0.0
5,7,-0.13702300000000633,3.679109999999998,9.965281000000044,0.0
5,8,0.24800100000000214,4.158557000000002,4.6840319999999736,0.0
5,9,0.6288610000000006,4.641587000000001,-1.0845080000000138,0.0
5,10,0.878855999999999,5.044249000000001,-5.959226000000001,0.0
6,0,-0.8943139999999978,1.5133550000000007,21.76571399999999,0.0
6,1,-0.8744219999999991,1.5332469999999994,21.646361999999996,0.0
6,2,-0.8373750000000015,1.8560829999999982,21.101244000000012,0.0
6,3,-0.7671869999999998,2.2176110000000016,19.957059999999995,0.0
6,4,-0.6407590000000027,2.6165999999999983,18.001525000000022,0.0
6,5,-0.43267799999999923,3.0579110000000007,14.987794999999991,0.0
6,6,-0.1297840000000008,3.543759999999999,10.74118600000001,0.0
6,7,0.24800100000000214,4.056895000000001,5.395665999999981,0.0
6,8,0.6294940000000011,4.540050000000001,-0.2753770000000131,0.0
6,9,0.8780709999999985,4.892598,-4.589656999999988,0.0
7,0,-0.8354050000000015,1.5332469999999994,21.41226000000001,0.0
7,1,-0.7990209999999998,1.569631000000001,21.157572,0.0
7,2,-0.7318499999999979,1.923254,20.333751999999986,0.0
7,3,-0.6111530000000016,2.338307999999998,18.658765000000017,0.0
7,4,-0.41104899999999844,2.8167040000000014,15.822848999999984,0.0
7,5,-0.11644199999999927,3.352518,11.617343999999996,0.0
7,6,0.25403200000000226,3.9142340000000004,6.215445999999982,0.0
7,7,0.6304090000000002,4.433271999999999,0.4665790000000065,0.0
7,8,0.8756369999999976,4.787951999999997,-3.735450999999962,0.0
8,0,-0.7509040000000002,1.569631000000001,20.820753000000003,0.0
8,1,-0.686161000000002,1.6343739999999976,20.302809000000018,0.0
8,2,-0.5711900000000014,2.0382250000000006,18.97919000000001,0.0
8,3,-0.37998699999999985,2.5295109999999994,16.466994,0.0
8,4,-0.09616099999999861,3.1005300000000027,12.48332899999998,0.0
8,5,0.26428399999999996,3.7129629999999985,7.150037000000008,0.0
8,6,0.6325710000000022,4.282521000000003,1.355950999999969,0.0
8,7,0.8729629999999986,4.782603999999999,-3.676622999999985,0.0
9,0,-0.6307840000000002,1.6343739999999976,19.859793000000003,0.0
9,1,-0.5211979999999983,1.7439600000000013,18.873518999999984,0.0
9,2,-0.33951199999999915,2.5295109999999994,16.143193999999994,0.0
9,3,-0.06806800000000024,2.8009549999999983,13.157310000000006,0.0
9,4,0.27935599999999994,3.447954000000003,8.08949699999999,0.0
9,5,0.6372189999999982,4.070825999999997,2.377242000000031,0.0
9,6,0.8708649999999949,4.6715659999999914,-2.884670999999905,0.0
10,0,-0.46207699999999896,1.7439600000000013,18.34142999999999,0.0
10,1,-0.290006,2.2199109999999997,16.316840000000003,0.0
10,2,-0.0323670000000007,2.477549999999999,13.482811000000009,0.0
10,3,0.2999250000000018,3.447954000000003,7.904375999999974,0.0
10,4,0.6445599999999985,3.7925889999999995,3.4241210000000173,0.0
10,5,0.8698650000000008,4.515167000000005,-1.9382770000000349,0.0
11,0,-0.23260600000000053,1.9160309999999967,16.046720000000008,0.0
11,1,0.010539999999998884,2.477549999999999,13.053741000000013,0.0
11,2,0.32575800000000044,2.7927680000000006,9.271124999999994,0.0
11,3,0.6551569999999991,3.4626459999999994,4.307980000000011,0.0
11,4,0.8702809999999985,4.007712999999999,0.306415000000019,0.0
12,0,0.059495000000000076,2.1591769999999997,12.833609,0.0
12,1,0.356479000000002,2.4561610000000016,9.269800999999976,0.0
12,2,0.6686589999999981,3.1049479999999967,4.8748540000000276,0.0
12,3,0.8723300000000016,4.007712999999999,0.28387599999998514,0.0
13,0,0.3910479999999996,2.4561610000000016,8.854973000000005,0.0
13,1,0.6848769999999966,2.7499899999999986,5.0351960000000435,0.0
13,2,0.8758810000000032,3.2959520000000033,2.006181999999953,0.0
14,0,0.7030500000000011,2.7499899999999986,4.798946999999986,0.0
14,1,0.8807360000000024,2.927676,2.311342999999967,0.0
15,0,0.886431,2.927676,2.231613000000001,0.0
=======
0,0,-0.964227000000001,0.0005079999999999529,15.514397,0.0
0,1,-0.964227000000001,0.0005079999999999529,15.514397,0.0
0,2,-0.9636900000000015,0.0011289999999988254,15.513776000000002,0.0
0,3,-0.9626159999999988,0.0022970000000004376,15.511439999999999,0.0
0,4,-0.9605200000000007,0.004566999999999766,15.50463,0.0
0,5,-0.9565729999999988,0.0087969999999995,15.487710000000002,0.0
0,6,-0.9494419999999995,0.016466000000001202,15.449364999999993,0.0
0,7,-0.9370890000000003,0.029484999999999317,15.371251000000004,0.0
0,8,-0.916561999999999,0.050850000000000506,15.221695999999996,0.0
0,9,-0.8838220000000003,0.08445099999999961,14.952888000000003,0.0
0,10,-0.8338149999999995,0.1352790000000006,14.495435999999994,0.0
0,11,-0.7605930000000001,0.20921200000000084,13.756105999999992,0.0
0,12,-0.6579630000000005,0.31272699999999887,12.617441000000014,0.0
0,13,-0.5205330000000004,0.4510840000000016,10.957156999999981,0.0
0,14,-0.345797000000001,0.6281189999999981,8.655702000000026,0.0
0,15,-0.13623300000000071,0.8434559999999998,5.640984000000003,0.0
0,16,0.09802399999999878,1.091381000000002,1.9221089999999705,0.0
0,17,0.33834799999999987,1.3641489999999976,-2.4421789999999604,0.0
0,18,0.5605490000000017,1.6678680000000021,-7.605402000000037,0.0
0,19,0.7426159999999982,2.040213999999999,-14.307629999999978,0.0
0,20,0.8731000000000044,2.5860480000000017,-24.678476000000032,0.0
0,21,0.9524289999999951,3.4828399999999995,-42.61431599999999,0.0
0,22,0.9007260000000059,5.217161000000001,-79.03505700000001,0.0
0,23,0.9007259999999917,9.257514999999998,-167.92284499999994,0.0
1,0,-0.964227000000001,0.0005079999999999529,15.514397,0.0
1,1,-0.9636900000000015,0.0010449999999995185,15.513860000000001,0.0
1,2,-0.9626159999999988,0.0022030000000015093,15.511627999999996,0.0
1,3,-0.9605200000000007,0.004392999999998537,15.505152000000004,0.0
1,4,-0.9565729999999988,0.008514000000001687,15.488841999999993,0.0
1,5,-0.9494419999999995,0.015927999999998832,15.452055000000005,0.0
1,6,-0.9370890000000003,0.028819000000000372,15.375246999999998,0.0
1,7,-0.916561999999999,0.05001200000000061,15.227561999999995,0.0
1,8,-0.8838220000000003,0.08358999999999916,14.959776000000007,0.0
1,9,-0.8273340000000005,0.1344580000000004,14.496343999999997,0.0
1,10,-0.7544920000000008,0.20850100000000005,13.757115,0.0
1,11,-0.652082,0.3118420000000004,12.621294999999996,0.0
1,12,-0.5205330000000004,0.45015699999999903,10.968281000000012,0.0
1,13,-0.33991999999999933,0.6258200000000009,8.679711999999988,0.0
1,14,-0.12999699999999947,0.8376829999999984,5.715570000000021,0.0
1,15,0.10510800000000131,1.0777129999999993,2.120045000000008,0.0
1,16,0.34724100000000035,1.331705000000003,-1.9319680000000474,0.0
1,17,0.5723099999999981,1.5863499999999995,-6.2313569999999885,0.0
1,18,0.7571370000000002,1.8499349999999986,-10.897128999999975,0.0
1,19,0.8884910000000019,2.1706980000000016,-16.80221700000003,0.0
1,20,0.9669329999999974,2.6653769999999994,-26.279559999999986,0.0
1,21,0.959948500000003,3.490359499999998,-42.77222549999996,0.02284549999999541
1,22,0.9599484999999959,5.1579384999999975,-77.79138449999995,0.0
2,0,-0.9548500000000004,0.0010449999999995185,15.50502,0.0
2,1,-0.95383,0.0020649999999999835,15.502979999999999,0.0
2,2,-0.9518339999999998,0.004392999999998537,15.496466000000003,0.0
2,3,-0.948046999999999,0.00817999999999941,15.481318,0.0
2,4,-0.9411750000000012,0.015385999999999456,15.445956000000004,0.0
2,5,-0.9291780000000003,0.027924999999999756,15.371806000000001,0.0
2,6,-0.9090900000000008,0.04890699999999981,15.226720000000002,0.0
2,7,-0.876869000000001,0.08223300000000044,14.962321999999999,0.0
2,8,-0.8273340000000005,0.13312499999999972,14.507008000000003,0.0
2,9,-0.7490849999999991,0.20730000000000004,13.757109999999997,0.0
2,10,-0.6472229999999985,0.3109110000000008,12.620886999999989,0.0
2,11,-0.5102760000000011,0.4491139999999998,10.964963000000004,0.0
2,12,-0.335661,0.6250470000000004,8.680469999999996,0.0
2,13,-0.12580400000000047,0.8357430000000008,5.732403999999992,0.0
2,14,0.10928699999999836,1.0727879999999992,2.180637000000015,0.0
2,15,0.34724100000000035,1.3198459999999983,-1.7540829999999765,0.0
2,16,0.5723099999999981,1.5567740000000008,-5.758141000000009,0.0
2,17,0.7631739999999994,1.7711770000000016,-9.570317000000024,0.0
2,18,0.8953740000000003,1.9812890000000003,-13.406621000000005,0.0
2,19,0.9826715000000004,2.2577364999999983,-18.565867499999968,0.0
2,20,0.9756680000000006,2.6741120000000027,-26.462995000000056,0.02463300000000146
2,21,0.9756680000000006,3.4746399999999955,-42.47355499999992,0.0
3,0,-0.944761999999999,0.0020649999999999835,15.484843999999997,0.0
3,1,-0.9428649999999994,0.003961999999999577,15.479152999999998,0.0
3,2,-0.9392760000000013,0.007787999999999684,15.464560000000004,0.0
3,3,-0.9326950000000007,0.015385999999999456,15.428996000000003,0.0
3,4,-0.9211239999999989,0.02695700000000123,15.359569999999993,0.0
3,5,-0.9015959999999996,0.04745299999999908,15.219002000000003,0.0
3,6,-0.8627439999999993,0.0804620000000007,14.937400999999994,0.0
3,7,-0.8149379999999997,0.13102099999999872,14.490629000000007,0.0
3,8,-0.743824,0.20529300000000106,13.757382999999992,0.0
3,9,-0.6428510000000003,0.3091620000000006,12.623511999999996,0.0
3,10,-0.5066030000000001,0.4478579999999983,10.966504000000016,0.0
3,11,-0.3324209999999983,0.6237290000000009,8.685247999999985,0.0
3,12,-0.12293299999999974,0.8349039999999999,5.733859000000001,0.0
3,13,0.11194700000000068,1.0708339999999996,2.1980590000000024,0.0
3,14,0.35398500000000155,1.315094000000002,-1.703435000000031,0.0
3,15,0.5794529999999973,1.5455309999999969,-5.605956999999947,0.0
3,16,0.7653250000000007,1.7426700000000004,-9.12065800000001,0.0
3,17,0.8977660000000007,1.9033770000000025,-12.089293000000044,0.0
3,18,0.9856909999999992,2.0689139999999995,-15.176120999999988,0.0
3,19,0.9826715000000004,2.2577364999999983,-18.565867499999968,0.025630499999998335
3,20,0.9826715000000004,2.667108500000003,-26.343935500000057,0.0
4,0,-0.9330300000000005,0.003961999999999577,15.449648000000002,0.0
4,1,-0.9296240000000004,0.007367999999999597,15.436024000000002,0.0
4,2,-0.923347999999999,0.014064000000001187,15.404223999999994,0.0
4,3,-0.9122629999999994,0.02584599999999959,15.336319999999999,0.0
4,4,-0.893415000000001,0.04580499999999965,15.201051000000005,0.0
4,5,-0.8627439999999993,0.0804620000000007,14.937400999999994,0.0
4,6,-0.8149379999999997,0.13102099999999872,14.490629000000007,0.0
4,7,-0.743824,0.2021349999999984,13.77948900000001,0.0
4,8,-0.6428510000000003,0.3091620000000006,12.623511999999996,0.0
4,9,-0.5031420000000004,0.44541000000000075,10.974691999999996,0.0
4,10,-0.3324209999999983,0.6220400000000001,8.702137999999993,0.0
4,11,-0.12083600000000061,0.8332169999999994,5.744028000000009,0.0
4,12,0.11194700000000068,1.0708339999999996,2.1980590000000024,0.0
4,13,0.3553569999999997,1.3128720000000005,-1.6800370000000022,0.0
4,14,0.5804389999999984,1.5405619999999978,-5.540334999999963,0.0
4,15,0.765938000000002,1.7314030000000002,-8.954105000000013,0.0
4,16,0.8977660000000007,1.8751110000000004,-11.63703700000001,0.0
4,17,0.9767669999999988,1.9823780000000006,-13.669313000000006,0.0
4,18,0.9856909999999992,2.0689139999999995,-15.176120999999988,0.026168999999999443
4,19,0.9856909999999992,2.2547169999999994,-18.520574999999987,0.0
5,0,-0.9182600000000001,0.007367999999999597,15.390568,0.0
5,1,-0.9123070000000002,0.013320999999999472,15.360803,0.0
5,2,-0.901746000000001,0.02462500000000034,15.296694000000004,0.0
5,3,-0.8836790000000008,0.04391299999999987,15.167783000000004,0.0
5,4,-0.8540419999999997,0.07812400000000075,14.914282999999996,0.0
5,5,-0.8075349999999997,0.12463100000000082,14.495719999999995,0.0
5,6,-0.7378160000000005,0.19798699999999947,13.780345000000006,0.0
5,7,-0.6382489999999983,0.3017020000000006,12.660219999999988,0.0
5,8,-0.5031420000000004,0.44541000000000075,10.974691999999996,0.0
5,9,-0.32979800000000026,0.6187540000000009,8.721219999999994,0.0
5,10,-0.12083600000000061,0.8310019999999998,5.766178000000005,0.0
5,11,0.11473900000000015,1.0676649999999999,2.221673000000001,0.0
5,12,0.3553569999999997,1.3115290000000002,-1.6639210000000002,0.0
5,13,0.5807660000000006,1.5379539999999992,-5.508065999999992,0.0
5,14,0.765938000000002,1.7261240000000022,-8.88019900000004,0.0
5,15,0.8981270000000023,1.864010000000004,-11.47196600000007,0.0
5,16,0.9771730000000005,1.9547559999999997,-13.228984999999998,0.0
5,17,0.9863350000000004,1.9926030000000023,-13.881410000000042,0.026435000000002873
5,18,0.9863350000000004,2.0682699999999983,-15.167748999999972,0.0
6,0,-0.8986900000000002,0.013320999999999472,15.292718,0.0
6,1,-0.8886569999999985,0.023354000000001207,15.23251999999999,0.0
6,2,-0.8714269999999988,0.041854999999999976,15.110638999999994,0.0
6,3,-0.8429969999999987,0.07234300000000005,14.879082999999993,0.0
6,4,-0.7980409999999996,0.12039799999999978,14.465181999999999,0.0
6,5,-0.7301370000000009,0.19253499999999946,13.769210000000008,0.0
6,6,-0.6244650000000007,0.29568000000000083,12.619453,0.0
6,7,-0.49911800000000106,0.4413729999999987,10.986868000000015,0.0
6,8,-0.32715099999999886,0.6187540000000009,8.707984999999987,0.0
6,9,-0.11914499999999961,0.8310019999999998,5.757723,0.0
6,10,0.11561599999999927,1.0648859999999996,2.244201000000009,0.0
6,11,0.3560180000000006,1.3115290000000002,-1.6672260000000048,0.0
6,12,0.5807660000000006,1.5379539999999992,-5.508065999999992,0.0
6,13,0.7658750000000012,1.7259980000000006,-8.878183000000014,0.0
6,14,0.897708999999999,1.8586489999999998,-11.39440399999999,0.0
6,15,0.9765739999999994,1.9434299999999993,-13.055500999999985,0.0
6,16,0.9858034999999994,1.9655134999999964,-13.444257499999939,0.026557499999999123
6,17,0.9863350000000004,1.9926030000000023,-13.881410000000042,0.0
7,0,-0.8720660000000002,0.023354000000001207,15.132974,0.0
7,1,-0.8556940000000015,0.041854999999999976,15.01624100000001,0.0
7,2,-0.8285630000000008,0.06898600000000066,14.799193000000004,0.0
7,3,-0.7853940000000001,0.11551200000000073,14.403958,0.0
7,4,-0.7196820000000006,0.18610999999999933,13.732180000000007,0.0
7,5,-0.6244650000000007,0.28775199999999934,12.659093000000007,0.0
7,6,-0.4935280000000013,0.4350279999999991,10.997743000000014,0.0
7,7,-0.3237030000000001,0.6133400000000009,8.730608999999994,0.0
7,8,-0.11724300000000021,0.8198000000000008,5.840168999999996,0.0
7,9,0.11561599999999927,1.0648859999999996,2.244201000000009,0.0
7,10,0.3563289999999988,1.3089440000000003,-1.6406569999999956,0.0
7,11,0.5807660000000006,1.536412000000002,-5.489562000000028,0.0
7,12,0.7654359999999976,1.7217799999999954,-8.82199799999993,0.0
7,13,0.8969549999999984,1.8555099999999989,-11.348318999999975,0.0
7,14,0.975601000000001,1.9376580000000025,-12.967882000000042,0.0
7,15,0.9847400000000003,1.9540790000000015,-13.264232000000021,0.026609999999998024
7,16,0.9858034999999994,1.9655134999999966,-13.444257499999942,0.0
8,0,-0.8355889999999988,0.03972599999999993,14.87763499999999,0.0
8,1,-0.8098009999999984,0.06898600000000066,14.667858999999988,0.0
8,2,-0.768561,0.11551200000000073,14.286126999999999,0.0
8,3,-0.7053980000000006,0.17867500000000014,13.654497000000005,0.0
8,4,-0.6131519999999995,0.2783560000000005,12.617485999999994,0.0
8,5,-0.48538499999999907,0.42661700000000025,10.991207999999991,0.0
8,6,-0.31845999999999997,0.6048530000000003,8.753316999999997,0.0
8,7,-0.11443199999999898,0.8198000000000008,5.820491999999987,0.0
8,8,0.11889399999999917,1.0510289999999998,2.335281000000009,0.0
8,9,0.356520999999999,1.305598999999999,-1.6085509999999843,0.0
8,10,0.5806309999999986,1.533580999999998,-5.45747599999997,0.0
8,11,0.7654359999999976,1.7217799999999954,-8.82199799999993,0.0
8,12,0.8960270000000001,1.8536540000000024,-11.31862300000003,0.0
8,13,0.9744840000000003,1.9342429999999986,-12.914550999999985,0.0
8,14,0.9834984999999996,1.9481704999999996,-13.17033949999999,0.026656499999997862
8,15,0.9847400000000004,1.954079000000002,-13.264232000000032,0.0
9,0,-0.7859050000000005,0.0655140000000003,14.480163000000005,0.0
9,1,-0.7466720000000011,0.11022599999999905,14.12158700000001,0.0
9,2,-0.6862719999999998,0.1706260000000004,13.517586999999997,0.0
9,3,-0.5974969999999997,0.2674500000000002,12.524963999999997,0.0
9,4,-0.47357200000000077,0.40228099999999944,11.005146000000009,0.0
9,5,-0.3105069999999994,0.5785840000000011,8.83234899999999,0.0
9,6,-0.10977999999999888,0.7942689999999999,5.947380999999991,0.0
9,7,0.11889399999999917,1.0510289999999998,2.335281000000009,0.0
9,8,0.35702299999999987,1.2993429999999986,-1.556262999999987,0.0
9,9,0.5799220000000016,1.5290000000000017,-5.406368000000029,0.0
9,10,0.7639390000000006,1.714189000000001,-8.730020000000016,0.0
9,11,0.8949600000000011,1.851303999999999,-11.282953999999997,0.0
9,12,0.9744840000000003,1.9342429999999986,-12.914550999999985,0.0
9,13,0.9819990000000018,1.9440560000000033,-13.102240000000059,0.02686999999999884
9,14,0.9834984999999996,1.9481704999999998,-13.170339499999994,0.0
10,0,-0.7190639999999995,0.1047469999999997,13.878593999999996,0.0
10,1,-0.6615549999999999,0.1622559999999993,13.303504,0.0
10,2,-0.5765669999999998,0.25561400000000045,12.360265999999998,0.0
10,3,-0.4571480000000001,0.40228099999999944,10.857330000000001,0.0
10,4,-0.29878800000000005,0.5606409999999995,8.798650000000002,0.0
10,5,-0.10248800000000102,0.7748840000000001,5.978678000000009,0.0
10,6,0.12268100000000004,1.0375549999999993,2.395516000000004,0.0
10,7,0.35832399999999964,1.2891580000000005,-1.4864920000000001,0.0
10,8,0.5799220000000016,1.5223350000000018,-5.34638300000003,0.0
10,9,0.7631409999999992,1.7125929999999983,-8.707675999999976,0.0
10,10,0.8949600000000011,1.849801000000003,-11.26642100000004,0.0
10,11,0.9720189999999995,1.9294299999999964,-12.835870999999955,0.0
10,12,0.9800379999999986,1.9397969999999969,-13.031184999999947,0.027506999999999948
10,13,0.9823829999999987,1.9448239999999968,-13.115679999999944,0.0
11,0,-0.6307730000000005,0.1622559999999993,12.995684000000004,0.0
11,1,-0.5497699999999996,0.25561400000000045,12.092295999999994,0.0
11,2,-0.43530900000000017,0.37007499999999993,10.718764000000002,0.0
11,3,-0.28250300000000017,0.5396749999999999,8.698698000000002,0.0
11,4,-0.09162599999999976,0.7515179999999999,5.9635219999999975,0.0
11,5,0.12881900000000002,0.9953289999999999,2.563383,0.0
11,6,0.361027,1.251646000000001,-1.2724900000000048,0.0
11,7,0.580331000000001,1.510663000000001,-5.257097000000018,0.0
11,8,0.7631409999999992,1.7061579999999985,-8.649760999999978,0.0
11,9,0.8927820000000004,1.843032000000001,-11.178037000000012,0.0
11,10,0.9707620000000006,1.9256030000000024,-12.78246100000003,0.0
11,11,0.9795439999999989,1.9383149999999976,-13.00895499999996,0.026751999999998333
11,12,0.9816620000000018,1.943045000000003,-13.086401000000054,0.0
12,0,-0.5168359999999996,0.24325900000000011,11.742376999999996,0.0
12,1,-0.40762699999999974,0.37007499999999993,10.414261999999997,0.0
12,2,-0.2609709999999996,0.5396749999999999,8.461845999999996,0.0
12,3,-0.07654199999999989,0.7515179999999999,5.797598,0.0
12,4,0.13805699999999987,0.9661169999999997,2.5786130000000025,0.0
12,5,0.3656190000000006,1.2228910000000006,-1.1792270000000098,0.0
12,6,0.5818659999999998,1.4678930000000001,-4.999200999999998,0.0
12,7,0.7623509999999989,1.6729869999999991,-8.395584999999981,0.0
12,8,0.8918309999999998,1.8348479999999991,-11.09487099999999,0.0
12,9,0.969520000000001,1.9146440000000027,-12.666663000000035,0.0
12,10,0.9781580000000004,1.9333790000000017,-12.941577000000022,0.026712999999997322
12,11,0.9795439999999989,1.9383149999999973,-13.008954999999958,0.0
13,0,-0.37402400000000036,0.352468,10.028633000000005,0.0
13,1,-0.23393900000000034,0.4925530000000009,8.207528000000003,0.0
13,2,-0.056706000000000145,0.6939640000000002,5.702088000000002,0.0
13,3,0.1509109999999998,0.9317209999999996,2.5275530000000037,0.0
13,4,0.372675000000001,1.1878810000000009,-1.1238590000000155,0.0
13,5,0.5847680000000004,1.434984,-4.869480000000005,0.0
13,6,0.7628310000000003,1.645956,-8.239159000000003,0.0
13,7,0.8918309999999998,1.823061000000001,-11.000575000000005,0.0
13,8,0.969520000000001,1.9146440000000027,-12.666663000000035,0.0
13,9,0.9768364999999992,1.9244994999999976,-12.843160499999968,0.026722499999999982
13,10,0.9794450000000001,1.938117,-13.005688000000001,0.0
14,0,-0.20148600000000005,0.492553,7.785639000000001,0.0
14,1,-0.03199400000000008,0.6939640000000002,5.380832000000001,0.0
14,2,0.16775699999999993,0.9317209999999996,2.308555000000002,0.0
14,3,0.38255000000000017,1.1878810000000009,-1.252234000000005,0.0
14,4,0.5894279999999998,1.434984,-4.9300599999999974,0.0
14,5,0.7641829999999992,1.6097389999999994,-8.075649999999985,0.0
14,6,0.8911189999999998,1.8015889999999999,-10.841014999999997,0.0
14,7,0.9683639999999993,1.9006169999999987,-12.539418999999981,0.0
14,8,0.9755670000000007,1.9101900000000025,-12.70964200000003,0.026740000000000208
14,9,0.9781580000000004,1.9333790000000017,-12.941577000000022,0.0
15,0,-0.0026039999999998287,0.662045,5.0012909999999975,0.0
15,1,0.18862999999999985,0.8937150000000003,2.0923450000000017,0.0
15,2,0.39551099999999995,1.1005960000000004,-1.2177509999999998,0.0
15,3,0.596069,1.3947590000000005,-4.862134000000001,0.0
15,4,0.7666439999999994,1.565334,-7.932483999999992,0.0
15,5,0.8909789999999997,1.7725779999999993,-10.664988999999993,0.0
15,6,0.9673410000000011,1.8786090000000009,-12.371041000000021,0.0
15,7,0.9743819999999994,1.9066349999999987,-12.665796999999984,0.02676199999999973
15,8,0.9768364999999992,1.9244994999999976,-12.843160499999968,0.0
16,0,0.21328199999999953,0.8532789999999997,1.7630010000000071,0.0
16,1,0.41152000000000033,1.0515170000000005,-1.4088070000000057,0.0
16,2,0.6048619999999998,1.2939379999999998,-4.744699999999996,0.0
16,3,0.7703550000000003,1.5125650000000004,-7.829842000000006,0.0
16,4,0.8917929999999998,1.7340739999999997,-10.484678999999996,0.0
16,5,0.9660089999999997,1.8476079999999993,-12.165588999999992,0.0
16,6,0.9733269999999994,1.8845949999999991,-12.496746999999985,0.02680100000000074
16,7,0.9755670000000007,1.9101900000000025,-12.70964200000003,0.0
17,0,0.4303480000000004,1.0515170000000005,-1.7100550000000068,0.0
17,1,0.6157519999999996,1.2939379999999998,-4.918939999999994,0.0
17,2,0.7753980000000009,1.453584000000001,-7.792568000000017,0.0
17,3,0.8932929999999999,1.6304599999999994,-10.150534999999996,0.0
17,4,0.965814,1.8080949999999998,-11.965098999999999,0.0
17,5,0.9724140000000006,1.8163300000000007,-12.111679000000013,0.026844999999999786
17,6,0.9733269999999994,1.8845949999999991,-12.496746999999985,0.0
18,0,0.6285509999999999,1.2369209999999997,-5.079505999999998,0.0
18,1,0.781733,1.453584000000001,-7.900263000000002,0.0
18,2,0.8955379999999984,1.5673889999999995,-10.06255799999997,0.0
18,3,0.9659840000000006,1.7592929999999996,-11.772781000000009,0.0
18,4,0.9716940000000003,1.8141699999999996,-12.089359000000004,0.02691800000000022
18,5,0.9733269999999994,1.8572859999999984,-12.33289299999998,0.0
19,0,0.7892280000000005,1.390102999999999,-7.971692000000008,0.0
19,1,0.8984930000000011,1.5673889999999995,-10.115748000000018,0.0
19,2,0.9708575000000002,1.7052105000000006,-11.698256500000003,0.0
19,3,0.9711684999999992,1.7644774999999981,-11.88165549999998,0.027008499999999103
19,4,0.9724140000000006,1.8163300000000007,-12.111679000000013,0.0
20,0,0.9020889999999993,1.4993680000000005,-10.116050999999985,0.0
20,1,0.9707464999999997,1.6387045000000002,-11.563135499999994,0.0
20,2,0.9708575000000002,1.7052105000000006,-11.698256500000005,0.027124500000001106
20,3,0.9716940000000003,1.7660540000000011,-11.89689500000001,0.0
21,0,0.9687670000000006,1.5647699999999993,-11.449611000000012,0.0
21,1,0.9707464999999997,1.6387045000000002,-11.563135499999994,0.02726149999999805
21,2,0.9711684999999992,1.7061434999999976,-11.706653499999977,0.0
22,0,0.9708185,1.566677499999999,-11.4926925,0.027420499999999848
22,1,0.9708575,1.639037500000001,-11.565910500000003,0.0
23,0,0.9708185,1.566677499999999,-11.4926925,0.0
>>>>>>> 00fd3ba (upload project)
