<<<<<<< HEAD
0.00	443.10	645.10	452.40	614.70	397.00	594.60
404.20	0.00	332.80	486.30	387.20	409.10	423.00
594.70	275.20	0.00	490.50	244.80	640.80	201.30
432.80	536.40	460.10	0.00	600.90	418.70	312.10
629.70	376.70	242.90	642.90	0.00	737.60	368.70
344.00	432.80	640.00	431.60	729.80	0.00	506.00
558.60	372.00	185.70	350.50	355.10	532.00	0.00
=======
0.00	561.10	392.60	180.90	126.00	169.80	241.30
512.60	0.00	204.60	432.60	638.60	586.20	652.10
358.10	208.50	0.00	278.10	484.10	431.70	509.00
117.10	467.50	299.00	0.00	243.10	184.10	252.50
152.20	640.20	471.70	245.40	0.00	154.00	199.40
165.00	653.00	484.50	258.20	138.20	0.00	165.20
236.50	652.10	483.60	267.70	194.70	118.90	0.00
>>>>>>> 00fd3ba (upload project)
