2.802303 3.254262 3.756847 4.311032 4.916882 5.573489 6.279624 7.032664 7.830091 8.668666 9.544828 10.455174 11.396477 12.366024 13.360549 14.379252 15.420872 16.485390 17.573982 18.686604 19.825853 20.994955 22.197859 23.437992 24.719906 26.048855 27.430519 28.871332 30.378571 31.958591 33.628273 35.400944 37.293648 39.341965 41.576126 44.042641 46.788345 49.865673 53.307114 57.125553 61.330566 65.899620 70.811859 76.049911 81.617905 87.588982 94.089050 101.409241 110.208221 122.049767 141.261841 182.000000
3.238015 3.740327 4.294003 4.899174 5.555029 6.259759 7.011410 7.806561 8.642170 9.514595 10.420065 11.355142 12.316694 13.302387 14.309195 15.337021 16.385012 17.453712 18.544977 19.658897 20.798683 21.967888 23.170820 24.410975 25.693096 27.022415 28.404530 29.845795 31.353363 32.933575 34.603294 36.375576 38.268139 40.316994 42.551945 45.019936 47.767876 50.847942 54.291698 58.110622 62.315201 66.880295 71.785614 77.014580 82.573845 88.541008 95.047752 102.383980 111.194420 123.004738 142.014236 0.000000
3.726981 4.280346 4.884956 5.540068 6.243986 6.994060 7.787747 8.620933 9.490238 10.391801 11.321824 12.277008 13.254464 14.252377 15.268032 16.302086 17.354118 18.425217 19.517925 20.632328 21.772203 22.941359 24.144390 25.384726 26.667234 27.997046 29.379660 30.821323 32.329121 33.909523 35.579281 37.351521 39.244675 41.294983 43.531830 46.002316 48.753071 51.835464 55.280323 59.097355 63.298321 67.856247 72.752548 77.973228 83.529419 89.504448 96.031738 103.391891 112.209602 123.950500 0.000000 0.000000
4.269346 4.873605 5.528093 6.231214 6.980427 7.772346 8.604016 9.470759 10.369059 11.295028 12.245011 13.216000 14.205451 15.212188 16.233849 17.271837 18.326166 19.398424 20.491796 21.606277 22.746122 23.915283 25.118612 26.359324 27.642361 28.972710 30.355787 31.797758 33.305725 34.886444 36.556488 38.329384 40.224148 42.276958 44.516724 46.990288 49.743618 52.826809 56.270508 60.082603 64.276703 68.825333 73.713135 78.930931 84.495255 90.491699 97.047081 104.426979 113.213425 0.000000 0.000000 0.000000
4.864513 5.518614 6.221041 6.969413 7.760436 8.590129 9.455333 10.350948 11.273532 12.219338 13.185007 14.167937 15.166001 16.178753 17.204174 18.244390 19.299809 20.372461 21.466124 22.580574 23.720476 24.889807 26.093647 27.334892 28.618504 29.949356 31.332811 32.775051 34.283245 35.864643 37.535583 39.310127 41.207653 43.263935 45.507202 47.983593 50.738148 53.819649 57.259216 61.063267 65.248192 69.787903 74.672310 79.897949 85.483406 91.508812 98.088150 105.449486 0.000000 0.000000 0.000000 0.000000
5.511061 6.213069 6.960674 7.750815 8.579595 9.442590 10.336673 11.256454 12.198770 13.160161 14.137684 15.129218 16.133087 17.149639 18.177193 19.218458 20.274233 21.346905 22.440739 23.555262 24.695406 25.865065 27.069618 28.311449 29.595617 30.926897 32.310692 33.753273 35.262005 36.844784 38.517532 40.294868 42.196167 44.256485 46.503025 48.980953 51.734337 54.811039 58.243332 62.037224 66.213043 70.748680 75.639977 80.886230 86.500259 92.550629 99.115952 0.000000 0.000000 0.000000 0.000000 0.000000
6.206739 6.953902 7.743208 8.571059 9.433143 10.324779 11.243054 12.182464 13.140277 14.113439 15.099504 16.096878 17.104338 18.123047 19.151646 20.193243 21.249022 22.321636 23.415686 24.530485 25.671083 26.841188 28.046549 29.288954 30.573584 31.905266 33.289497 34.732742 36.242599 37.827801 39.503475 41.284622 43.190147 45.254307 47.502872 49.980087 52.729210 55.797928 59.220600 63.004494 67.175713 71.717194 76.627838 81.901886 87.540710 93.578575 0.000000 0.000000 0.000000 0.000000 0.000000 0.000000
6.948517 7.737372 8.564332 9.425441 10.316175 11.231776 12.169714 13.124512 14.094025 15.075664 16.067522 17.068558 18.077978 19.097736 20.126726 21.168329 22.224062 23.296722 24.391119 25.506407 26.647600 27.818190 29.024364 30.267288 31.552345 32.884533 34.269516 35.714031 37.225891 38.814777 40.494415 42.279926 44.189400 46.256134 48.504440 50.977936 53.719601 56.778046 60.191055 63.969315 68.145477 72.704964 77.642082 82.940369 88.566811 0.000000 0.000000 0.000000 0.000000 0.000000 0.000000 0.000000
7.732704 8.559220 9.419392 10.309100 11.223815 12.158884 13.112255 14.078635 15.056570 16.043955 17.039442 18.042507 19.052799 20.072941 21.102055 22.143610 23.199421 24.272350 25.367216 26.483150 27.625008 28.796041 30.002964 31.246368 32.531979 33.864979 35.251354 36.698021 38.212894 39.806679 41.490849 43.280495 45.192535 47.259605 49.504665 51.971306 54.703148 57.751328 61.158691 64.940681 69.133621 73.718132 78.678391 83.964035 0.000000 0.000000 0.000000 0.000000 0.000000 0.000000 0.000000 0.000000
8.555069 9.414830 10.303565 11.217203 12.151395 13.101763 14.066752 15.041427 16.025061 17.016037 18.013533 19.017525 20.028061 21.048317 22.077520 23.119175 24.175293 25.248714 26.344122 27.460766 28.603268 29.774694 30.982323 32.226295 33.512775 34.847218 36.235878 37.685715 39.204571 40.804020 42.492519 44.285057 46.197338 48.261696 50.500397 52.957779 55.679668 58.721531 62.132278 65.929672 70.146309 74.752579 79.699371 0.000000 0.000000 0.000000 0.000000 0.000000 0.000000 0.000000 0.000000 0.000000
9.411035 10.299420 11.212063 12.145126 13.094607 14.056550 15.029856 16.010086 16.997278 17.990234 18.988644 19.992901 21.003443 22.023806 23.053242 24.095215 25.151865 26.225964 27.321903 28.439247 29.582335 30.754158 31.962555 33.207443 34.495403 35.832218 37.224186 38.678108 40.201481 41.806511 43.498116 45.291321 47.200848 49.259258 51.489162 53.937016 56.652748 59.697292 63.122768 66.942390 71.179520 75.771378 0.000000 0.000000 0.000000 0.000000 0.000000 0.000000 0.000000 0.000000 0.000000 0.000000
10.295848 11.208230 12.140283 13.088596 14.049615 15.019928 15.998804 16.982443 17.971596 18.965448 19.964108 20.968338 21.978933 22.999569 24.029436 25.071953 26.129314 27.204193 28.300600 29.418583 30.562252 31.734665 32.944069 34.190487 35.480865 36.821053 38.217312 39.675838 41.203487 42.812893 44.505386 46.296303 48.199932 50.249905 52.470646 54.912666 57.630962 60.689381 64.136307 67.975067 72.196793 0.000000 0.000000 0.000000 0.000000 0.000000 0.000000 0.000000 0.000000 0.000000 0.000000 0.000000
11.204793 12.136701 13.083986 14.043798 15.013126 15.989141 16.971436 17.956890 18.946924 19.941019 20.939640 21.943825 22.954672 23.975834 25.006330 26.049576 27.107718 28.183382 29.280176 30.398785 31.543167 32.716602 33.927532 35.176395 36.470219 37.814789 39.215847 40.678722 42.209415 43.820881 45.511333 47.296829 49.192081 51.233212 53.448360 55.893059 58.624943 61.703873 65.169281 68.991508 0.000000 0.000000 0.000000 0.000000 0.000000 0.000000 0.000000 0.000000 0.000000 0.000000 0.000000 0.000000
12.133327 13.080597 14.039369 15.007449 15.982404 16.962032 17.946157 18.932358 19.922628 20.916683 21.915247 22.919552 23.930908 24.952816 25.984093 27.028131 28.087053 29.163462 30.260628 31.379993 32.525471 33.700626 34.913902 36.166248 37.464481 38.813972 40.219624 41.685574 43.217155 44.827541 46.512783 48.290394 50.176918 52.212658 54.430557 56.888817 59.640820 62.737354 66.185722 0.000000 0.000000 0.000000 0.000000 0.000000 0.000000 0.000000 0.000000 0.000000 0.000000 0.000000 0.000000 0.000000
13.077228 14.036117 15.003150 15.976823 16.955303 17.936979 18.921877 19.908226 20.898455 21.892462 22.891134 23.895800 24.907887 25.930676 26.962784 28.007612 29.067247 30.144367 31.242058 32.362534 33.509758 34.687622 35.904202 37.161011 38.464218 39.818390 41.227394 42.694271 44.223778 45.829723 47.507259 49.276531 51.157738 53.196327 55.427742 57.905991 60.675266 63.754105 0.000000 0.000000 0.000000 0.000000 0.000000 0.000000 0.000000 0.000000 0.000000 0.000000 0.000000 0.000000 0.000000 0.000000
14.032729 14.999989 15.972609 16.949776 17.930218 18.912874 19.897947 20.884216 21.874411 22.868530 23.867558 24.872820 25.885775 26.909462 27.942377 28.987930 30.048258 31.126179 32.224766 33.347004 34.496933 35.678585 36.899391 38.161201 39.469135 40.826801 42.236996 43.701866 45.226177 46.824951 48.494270 50.258518 52.142586 54.194725 56.446018 58.941429 61.692802 0.000000 0.000000 0.000000 0.000000 0.000000 0.000000 0.000000 0.000000 0.000000 0.000000 0.000000 0.000000 0.000000 0.000000 0.000000
14.996567 15.969487 16.945583 17.924681 18.906036 19.889042 20.874046 21.860308 22.850618 23.845110 24.844736 25.850775 26.864626 27.889116 28.922789 29.969036 31.030167 32.109177 33.209324 34.334244 35.487972 36.674351 37.899948 39.166546 40.478008 41.836971 43.245419 44.705181 46.221809 47.812679 49.477051 51.244350 53.141876 55.213875 57.482311 59.959793 0.000000 0.000000 0.000000 0.000000 0.000000 0.000000 0.000000 0.000000 0.000000 0.000000 0.000000 0.000000 0.000000 0.000000 0.000000 0.000000
15.966031 16.942453 17.920469 18.900429 19.882088 20.865168 21.850140 22.836626 23.827312 24.822418 25.822826 26.829716 27.844400 28.869555 29.903946 30.951012 32.013248 33.093960 34.196587 35.325218 36.483768 37.675373 38.905594 40.175755 41.488583 42.845894 44.249481 45.701660 47.210072 48.796146 50.463551 52.244408 54.161629 56.250805 58.501328 0.000000 0.000000 0.000000 0.000000 0.000000 0.000000 0.000000 0.000000 0.000000 0.000000 0.000000 0.000000 0.000000 0.000000 0.000000 0.000000 0.000000
16.938986 17.917305 18.896173 19.876371 20.858080 21.841230 22.826382 23.813381 24.804686 25.800585 26.801857 27.809589 28.824999 29.850761 30.885971 31.934187 32.998169 34.081394 35.187553 36.320850 37.484829 38.681358 39.915054 41.186611 42.497860 43.850430 45.246635 46.690693 48.194027 49.783203 51.464058 53.264690 55.198967 57.270351 0.000000 0.000000 0.000000 0.000000 0.000000 0.000000 0.000000 0.000000 0.000000 0.000000 0.000000 0.000000 0.000000 0.000000 0.000000 0.000000 0.000000 0.000000
17.913866 18.892965 19.872053 20.852226 21.834011 22.817394 23.802998 24.790777 25.782883 26.779663 27.781786 28.790293 29.806366 30.832848 31.869226 32.919205 33.985817 35.072601 36.183193 37.321678 38.490891 39.691113 40.926151 42.196186 43.502712 44.847980 46.236191 47.675293 49.181488 50.784134 52.484657 54.302387 56.218822 0.000000 0.000000 0.000000 0.000000 0.000000 0.000000 0.000000 0.000000 0.000000 0.000000 0.000000 0.000000 0.000000 0.000000 0.000000 0.000000 0.000000 0.000000 0.000000
18.889614 19.868843 20.847883 21.828018 22.810081 23.793928 24.780254 25.768991 26.761967 27.759621 28.762543 29.771803 30.788597 31.816193 32.854355 33.906998 34.977268 36.068569 37.184113 38.327496 39.500793 40.702488 41.936016 43.201355 44.500629 45.837936 47.221275 48.663307 50.182686 51.804947 53.522488 55.322540 0.000000 0.000000 0.000000 0.000000 0.000000 0.000000 0.000000 0.000000 0.000000 0.000000 0.000000 0.000000 0.000000 0.000000 0.000000 0.000000 0.000000 0.000000 0.000000 0.000000
19.865654 20.844732 21.823723 22.803995 23.786602 24.771095 25.758352 26.748096 27.741941 28.740442 29.744129 30.754248 31.772057 32.801483 33.842335 34.898685 35.973576 37.069923 38.190140 39.337151 40.512371 41.712605 42.941463 44.199604 45.490940 46.823380 48.209648 49.664879 51.203598 52.842884 54.542690 0.000000 0.000000 0.000000 0.000000 0.000000 0.000000 0.000000 0.000000 0.000000 0.000000 0.000000 0.000000 0.000000 0.000000 0.000000 0.000000 0.000000 0.000000 0.000000 0.000000 0.000000
20.841764 21.820679 22.799793 23.780458 24.763865 25.749098 26.737415 27.728102 28.722761 29.722095 30.726679 31.737984 32.757385 33.789654 34.834221 35.895229 36.975281 38.076466 39.200100 40.348518 41.522724 42.718353 43.940006 45.190235 46.476719 47.812035 49.211468 50.686062 52.241516 53.863125 0.000000 0.000000 0.000000 0.000000 0.000000 0.000000 0.000000 0.000000 0.000000 0.000000 0.000000 0.000000 0.000000 0.000000 0.000000 0.000000 0.000000 0.000000 0.000000 0.000000 0.000000 0.000000
21.817987 22.796923 23.776417 24.757723 25.742083 26.728018 27.717415 28.708969 29.704416 30.704737 31.710543 32.723644 33.745464 34.781750 35.831009 36.897198 37.982189 39.086987 40.211906 41.358734 42.528736 43.717171 44.930992 46.176334 47.465652 48.814045 50.232769 51.724136 53.261696 0.000000 0.000000 0.000000 0.000000 0.000000 0.000000 0.000000 0.000000 0.000000 0.000000 0.000000 0.000000 0.000000 0.000000 0.000000 0.000000 0.000000 0.000000 0.000000 0.000000 0.000000 0.000000 0.000000
22.794523 23.773743 24.753866 25.735998 26.721344 27.707846 28.698275 29.690634 30.686989 31.688667 32.696327 33.712116 34.737366 35.778706 36.833172 37.904324 38.993061 40.099358 41.222630 42.364693 43.527851 44.708435 45.917374 47.165539 48.467880 49.835453 51.270882 52.744415 0.000000 0.000000 0.000000 0.000000 0.000000 0.000000 0.000000 0.000000 0.000000 0.000000 0.000000 0.000000 0.000000 0.000000 0.000000 0.000000 0.000000 0.000000 0.000000 0.000000 0.000000 0.000000 0.000000 0.000000
23.771618 24.751383 25.732334 26.715351 27.701607 28.688499 29.679932 30.673212 31.670795 32.674519 33.684910 34.704437 35.734039 36.781006 37.840462 38.915390 40.005699 41.110577 42.229099 43.363827 44.519375 45.695099 46.906830 48.167976 49.489410 50.873627 52.291168 0.000000 0.000000 0.000000 0.000000 0.000000 0.000000 0.000000 0.000000 0.000000 0.000000 0.000000 0.000000 0.000000 0.000000 0.000000 0.000000 0.000000 0.000000 0.000000 0.000000 0.000000 0.000000 0.000000 0.000000 0.000000
24.749491 25.729986 26.711842 27.695747 28.682762 29.669966 30.662457 31.656969 32.656403 33.663120 34.677303 35.701511 36.735985 37.788368 38.851597 39.928154 41.017124 42.117466 43.228718 44.355469 45.506287 46.684776 47.909420 49.189625 50.527626 51.893894 0.000000 0.000000 0.000000 0.000000 0.000000 0.000000 0.000000 0.000000 0.000000 0.000000 0.000000 0.000000 0.000000 0.000000 0.000000 0.000000 0.000000 0.000000 0.000000 0.000000 0.000000 0.000000 0.000000 0.000000 0.000000 0.000000
25.728239 26.709572 27.692329 28.677050 29.664713 30.652357 31.646156 32.642525 33.644665 34.655499 35.674408 36.703846 37.743008 38.799553 39.864426 40.939674 42.024193 43.117447 44.220779 45.342495 46.496189 47.687572 48.931225 50.227909 51.547920 0.000000 0.000000 0.000000 0.000000 0.000000 0.000000 0.000000 0.000000 0.000000 0.000000 0.000000 0.000000 0.000000 0.000000 0.000000 0.000000 0.000000 0.000000 0.000000 0.000000 0.000000 0.000000 0.000000 0.000000 0.000000 0.000000 0.000000
26.707884 27.690060 28.673662 29.659155 30.647549 31.636044 32.631664 33.630760 34.636631 35.652588 36.676754 37.711197 38.753937 39.812382 40.875984 41.946785 43.024273 44.109718 45.208122 46.332520 47.499146 48.709457 49.969566 51.248245 0.000000 0.000000 0.000000 0.000000 0.000000 0.000000 0.000000 0.000000 0.000000 0.000000 0.000000 0.000000 0.000000 0.000000 0.000000 0.000000 0.000000 0.000000 0.000000 0.000000 0.000000 0.000000 0.000000 0.000000 0.000000 0.000000 0.000000 0.000000
27.688353 28.671341 29.655766 30.642118 31.631575 32.621696 33.619942 34.622791 35.633301 36.654930 37.684124 38.722393 39.766640 40.823986 41.883156 42.946953 44.016670 45.097294 46.198414 47.335556 48.521152 49.747887 50.989952 0.000000 0.000000 0.000000 0.000000 0.000000 0.000000 0.000000 0.000000 0.000000 0.000000 0.000000 0.000000 0.000000 0.000000 0.000000 0.000000 0.000000 0.000000 0.000000 0.000000 0.000000 0.000000 0.000000 0.000000 0.000000 0.000000 0.000000 0.000000 0.000000
28.669554 29.653339 30.638687 31.626213 32.617432 33.610241 34.612061 35.619610 36.635250 37.662308 38.695354 39.735294 40.778194 41.831207 42.883392 43.939445 45.004349 46.087749 47.201645 48.357628 49.559666 50.768322 0.000000 0.000000 0.000000 0.000000 0.000000 0.000000 0.000000 0.000000 0.000000 0.000000 0.000000 0.000000 0.000000 0.000000 0.000000 0.000000 0.000000 0.000000 0.000000 0.000000 0.000000 0.000000 0.000000 0.000000 0.000000 0.000000 0.000000 0.000000 0.000000 0.000000
29.651459 30.636168 31.622765 32.612049 33.606018 34.602726 35.609035 36.621799 37.642296 38.673550 39.708279 40.746979 41.785484 42.831512 43.875969 44.927235 45.994911 47.091133 48.223892 49.396168 50.580170 0.000000 0.000000 0.000000 0.000000 0.000000 0.000000 0.000000 0.000000 0.000000 0.000000 0.000000 0.000000 0.000000 0.000000 0.000000 0.000000 0.000000 0.000000 0.000000 0.000000 0.000000 0.000000 0.000000 0.000000 0.000000 0.000000 0.000000 0.000000 0.000000 0.000000 0.000000
30.634205 31.620165 32.608627 33.600525 34.598408 35.600094 36.611443 37.629204 38.653294 39.686508 40.720001 41.754375 42.785889 43.824188 44.863857 45.917885 46.998371 48.113464 49.262550 50.416687 0.000000 0.000000 0.000000 0.000000 0.000000 0.000000 0.000000 0.000000 0.000000 0.000000 0.000000 0.000000 0.000000 0.000000 0.000000 0.000000 0.000000 0.000000 0.000000 0.000000 0.000000 0.000000 0.000000 0.000000 0.000000 0.000000 0.000000 0.000000 0.000000 0.000000 0.000000 0.000000
31.618137 32.605984 33.597202 34.592682 35.595562 36.602840 37.619057 38.640594 39.666126 40.698277 41.727413 42.754864 43.778694 44.812172 45.854603 46.921444 48.020775 49.152206 50.283180 0.000000 0.000000 0.000000 0.000000 0.000000 0.000000 0.000000 0.000000 0.000000 0.000000 0.000000 0.000000 0.000000 0.000000 0.000000 0.000000 0.000000 0.000000 0.000000 0.000000 0.000000 0.000000 0.000000 0.000000 0.000000 0.000000 0.000000 0.000000 0.000000 0.000000 0.000000 0.000000 0.000000
32.603924 33.594551 34.589558 35.589520 36.598019 37.610699 38.630657 39.653831 40.677887 41.705738 42.727921 43.747707 44.766766 45.802990 46.858253 47.943916 49.059593 50.172920 0.000000 0.000000 0.000000 0.000000 0.000000 0.000000 0.000000 0.000000 0.000000 0.000000 0.000000 0.000000 0.000000 0.000000 0.000000 0.000000 0.000000 0.000000 0.000000 0.000000 0.000000 0.000000 0.000000 0.000000 0.000000 0.000000 0.000000 0.000000 0.000000 0.000000 0.000000 0.000000 0.000000 0.000000
33.592472 34.586914 35.586647 36.591579 37.605541 38.622440 39.644020 40.665920 41.685387 42.706299 43.720806 44.735867 45.757652 46.806717 47.880791 48.982784 50.080341 0.000000 0.000000 0.000000 0.000000 0.000000 0.000000 0.000000 0.000000 0.000000 0.000000 0.000000 0.000000 0.000000 0.000000 0.000000 0.000000 0.000000 0.000000 0.000000 0.000000 0.000000 0.000000 0.000000 0.000000 0.000000 0.000000 0.000000 0.000000 0.000000 0.000000 0.000000 0.000000 0.000000 0.000000 0.000000
34.584835 35.584049 36.589039 37.598652 38.616947 39.635830 40.656185 41.673683 42.686012 43.699226 44.708984 45.726845 46.761379 47.829308 48.919708 50.003578 0.000000 0.000000 0.000000 0.000000 0.000000 0.000000 0.000000 0.000000 0.000000 0.000000 0.000000 0.000000 0.000000 0.000000 0.000000 0.000000 0.000000 0.000000 0.000000 0.000000 0.000000 0.000000 0.000000 0.000000 0.000000 0.000000 0.000000 0.000000 0.000000 0.000000 0.000000 0.000000 0.000000 0.000000 0.000000 0.000000
35.581974 36.586479 37.596508 38.609596 39.630066 40.647968 41.663975 42.674519 43.679024 44.687447 45.699993 46.730717 47.784004 48.868275 49.940556 0.000000 0.000000 0.000000 0.000000 0.000000 0.000000 0.000000 0.000000 0.000000 0.000000 0.000000 0.000000 0.000000 0.000000 0.000000 0.000000 0.000000 0.000000 0.000000 0.000000 0.000000 0.000000 0.000000 0.000000 0.000000 0.000000 0.000000 0.000000 0.000000 0.000000 0.000000 0.000000 0.000000 0.000000 0.000000 0.000000 0.000000
36.584412 37.594002 38.607876 39.622295 40.641979 41.655701 42.664783 43.667667 44.667301 45.678493 46.703873 47.753429 48.822975 49.889164 0.000000 0.000000 0.000000 0.000000 0.000000 0.000000 0.000000 0.000000 0.000000 0.000000 0.000000 0.000000 0.000000 0.000000 0.000000 0.000000 0.000000 0.000000 0.000000 0.000000 0.000000 0.000000 0.000000 0.000000 0.000000 0.000000 0.000000 0.000000 0.000000 0.000000 0.000000 0.000000 0.000000 0.000000 0.000000 0.000000 0.000000 0.000000
37.591934 38.605400 39.620968 40.633862 41.649593 42.656471 43.657906 44.656033 45.658386 46.682411 47.726593 48.792507 49.843861 0.000000 0.000000 0.000000 0.000000 0.000000 0.000000 0.000000 0.000000 0.000000 0.000000 0.000000 0.000000 0.000000 0.000000 0.000000 0.000000 0.000000 0.000000 0.000000 0.000000 0.000000 0.000000 0.000000 0.000000 0.000000 0.000000 0.000000 0.000000 0.000000 0.000000 0.000000 0.000000 0.000000 0.000000 0.000000 0.000000 0.000000 0.000000 0.000000
38.603344 39.618511 40.632889 41.641178 42.650280 43.649555 44.646259 45.647202 46.662300 47.705162 48.765671 49.813503 0.000000 0.000000 0.000000 0.000000 0.000000 0.000000 0.000000 0.000000 0.000000 0.000000 0.000000 0.000000 0.000000 0.000000 0.000000 0.000000 0.000000 0.000000 0.000000 0.000000 0.000000 0.000000 0.000000 0.000000 0.000000 0.000000 0.000000 0.000000 0.000000 0.000000 0.000000 0.000000 0.000000 0.000000 0.000000 0.000000 0.000000 0.000000 0.000000 0.000000
39.616474 40.630459 41.640514 42.641666 43.643364 44.637909 45.637413 46.651199 47.685043 48.744267 49.786663 0.000000 0.000000 0.000000 0.000000 0.000000 0.000000 0.000000 0.000000 0.000000 0.000000 0.000000 0.000000 0.000000 0.000000 0.000000 0.000000 0.000000 0.000000 0.000000 0.000000 0.000000 0.000000 0.000000 0.000000 0.000000 0.000000 0.000000 0.000000 0.000000 0.000000 0.000000 0.000000 0.000000 0.000000 0.000000 0.000000 0.000000 0.000000 0.000000 0.000000 0.000000
40.628418 41.638092 42.641251 43.634613 44.631710 45.629063 46.641380 47.674019 48.724136 49.765282 0.000000 0.000000 0.000000 0.000000 0.000000 0.000000 0.000000 0.000000 0.000000 0.000000 0.000000 0.000000 0.000000 0.000000 0.000000 0.000000 0.000000 0.000000 0.000000 0.000000 0.000000 0.000000 0.000000 0.000000 0.000000 0.000000 0.000000 0.000000 0.000000 0.000000 0.000000 0.000000 0.000000 0.000000 0.000000 0.000000 0.000000 0.000000 0.000000 0.000000 0.000000 0.000000
41.636055 42.638817 43.634365 44.622868 45.622887 46.633045 47.664227 48.713184 49.745132 0.000000 0.000000 0.000000 0.000000 0.000000 0.000000 0.000000 0.000000 0.000000 0.000000 0.000000 0.000000 0.000000 0.000000 0.000000 0.000000 0.000000 0.000000 0.000000 0.000000 0.000000 0.000000 0.000000 0.000000 0.000000 0.000000 0.000000 0.000000 0.000000 0.000000 0.000000 0.000000 0.000000 0.000000 0.000000 0.000000 0.000000 0.000000 0.000000 0.000000 0.000000 0.000000 0.000000
42.636784 43.631920 44.622776 45.613991 46.626896 47.655880 48.703388 49.734257 0.000000 0.000000 0.000000 0.000000 0.000000 0.000000 0.000000 0.000000 0.000000 0.000000 0.000000 0.000000 0.000000 0.000000 0.000000 0.000000 0.000000 0.000000 0.000000 0.000000 0.000000 0.000000 0.000000 0.000000 0.000000 0.000000 0.000000 0.000000 0.000000 0.000000 0.000000 0.000000 0.000000 0.000000 0.000000 0.000000 0.000000 0.000000 0.000000 0.000000 0.000000 0.000000 0.000000 0.000000
43.629890 44.620300 45.613991 46.617947 47.649734 48.695049 49.724461 0.000000 0.000000 0.000000 0.000000 0.000000 0.000000 0.000000 0.000000 0.000000 0.000000 0.000000 0.000000 0.000000 0.000000 0.000000 0.000000 0.000000 0.000000 0.000000 0.000000 0.000000 0.000000 0.000000 0.000000 0.000000 0.000000 0.000000 0.000000 0.000000 0.000000 0.000000 0.000000 0.000000 0.000000 0.000000 0.000000 0.000000 0.000000 0.000000 0.000000 0.000000 0.000000 0.000000 0.000000 0.000000
44.618279 45.611496 46.618069 47.640755 48.688919 49.716125 0.000000 0.000000 0.000000 0.000000 0.000000 0.000000 0.000000 0.000000 0.000000 0.000000 0.000000 0.000000 0.000000 0.000000 0.000000 0.000000 0.000000 0.000000 0.000000 0.000000 0.000000 0.000000 0.000000 0.000000 0.000000 0.000000 0.000000 0.000000 0.000000 0.000000 0.000000 0.000000 0.000000 0.000000 0.000000 0.000000 0.000000 0.000000 0.000000 0.000000 0.000000 0.000000 0.000000 0.000000 0.000000 0.000000
45.609482 46.615543 47.640961 48.679893 49.710011 0.000000 0.000000 0.000000 0.000000 0.000000 0.000000 0.000000 0.000000 0.000000 0.000000 0.000000 0.000000 0.000000 0.000000 0.000000 0.000000 0.000000 0.000000 0.000000 0.000000 0.000000 0.000000 0.000000 0.000000 0.000000 0.000000 0.000000 0.000000 0.000000 0.000000 0.000000 0.000000 0.000000 0.000000 0.000000 0.000000 0.000000 0.000000 0.000000 0.000000 0.000000 0.000000 0.000000 0.000000 0.000000 0.000000 0.000000
46.613525 47.638405 48.680199 49.700943 0.000000 0.000000 0.000000 0.000000 0.000000 0.000000 0.000000 0.000000 0.000000 0.000000 0.000000 0.000000 0.000000 0.000000 0.000000 0.000000 0.000000 0.000000 0.000000 0.000000 0.000000 0.000000 0.000000 0.000000 0.000000 0.000000 0.000000 0.000000 0.000000 0.000000 0.000000 0.000000 0.000000 0.000000 0.000000 0.000000 0.000000 0.000000 0.000000 0.000000 0.000000 0.000000 0.000000 0.000000 0.000000 0.000000 0.000000 0.000000
47.636391 48.677612 49.701340 0.000000 0.000000 0.000000 0.000000 0.000000 0.000000 0.000000 0.000000 0.000000 0.000000 0.000000 0.000000 0.000000 0.000000 0.000000 0.000000 0.000000 0.000000 0.000000 0.000000 0.000000 0.000000 0.000000 0.000000 0.000000 0.000000 0.000000 0.000000 0.000000 0.000000 0.000000 0.000000 0.000000 0.000000 0.000000 0.000000 0.000000 0.000000 0.000000 0.000000 0.000000 0.000000 0.000000 0.000000 0.000000 0.000000 0.000000 0.000000 0.000000
48.675598 49.698719 0.000000 0.000000 0.000000 0.000000 0.000000 0.000000 0.000000 0.000000 0.000000 0.000000 0.000000 0.000000 0.000000 0.000000 0.000000 0.000000 0.000000 0.000000 0.000000 0.000000 0.000000 0.000000 0.000000 0.000000 0.000000 0.000000 0.000000 0.000000 0.000000 0.000000 0.000000 0.000000 0.000000 0.000000 0.000000 0.000000 0.000000 0.000000 0.000000 0.000000 0.000000 0.000000 0.000000 0.000000 0.000000 0.000000 0.000000 0.000000 0.000000 0.000000
49.696709 0.000000 0.000000 0.000000 0.000000 0.000000 0.000000 0.000000 0.000000 0.000000 0.000000 0.000000 0.000000 0.000000 0.000000 0.000000 0.000000 0.000000 0.000000 0.000000 0.000000 0.000000 0.000000 0.000000 0.000000 0.000000 0.000000 0.000000 0.000000 0.000000 0.000000 0.000000 0.000000 0.000000 0.000000 0.000000 0.000000 0.000000 0.000000 0.000000 0.000000 0.000000 0.000000 0.000000 0.000000 0.000000 0.000000 0.000000 0.000000 0.000000 0.000000 0.000000
