0.00	601.80	451.50	599.60	726.90	677.90	540.50	440.70	356.10	0.00	717.80	621.00	151.70	762.70	221.10	437.00	601.50	562.70	684.10	362.50	246.90	569.70	131.70	345.80	359.10	661.60	610.00	519.50	699.50	715.10	338.40	641.80	813.40	430.20	298.00	104.00	514.10	150.60	496.40	721.00	616.40
640.30	0.00	440.40	78.70	770.80	666.80	803.90	468.00	386.20	640.30	706.70	609.90	507.70	751.60	736.50	946.70	590.40	1071.50	155.30	879.10	753.20	105.90	676.40	872.50	366.30	650.50	54.10	556.30	688.40	704.00	583.40	630.70	802.30	956.90	807.70	568.60	902.70	681.70	507.60	763.40	606.40
439.40	472.90	0.00	470.70	405.00	301.00	439.10	80.90	169.70	439.40	340.90	244.10	331.30	385.80	633.70	582.80	224.60	654.90	620.90	525.80	603.30	440.80	445.40	709.80	149.80	284.70	481.10	117.60	322.60	338.20	230.00	264.90	436.50	794.20	420.00	380.00	537.90	437.80	105.90	397.60	235.10
642.70	71.00	442.80	0.00	773.20	669.20	806.30	470.40	388.60	642.70	709.10	612.30	510.10	754.00	730.60	949.10	592.80	1071.10	181.80	873.20	747.30	41.50	670.50	866.60	368.70	652.90	24.90	558.70	690.80	706.40	585.80	633.10	804.70	951.00	806.40	571.00	905.10	684.10	510.00	765.80	608.80
714.00	775.80	397.40	773.60	0.00	237.90	323.00	361.40	453.10	714.00	352.40	201.30	609.20	397.30	884.70	530.60	192.40	894.00	923.80	760.90	854.30	743.70	716.50	1008.50	448.80	145.50	784.00	493.80	154.20	349.70	458.80	276.40	133.80	1038.00	659.10	654.60	386.10	708.90	482.10	86.40	291.30
678.00	700.00	316.10	697.80	271.80	0.00	464.50	280.10	396.80	678.00	165.40	162.70	558.40	194.30	860.90	672.10	111.10	919.80	848.00	790.70	841.90	667.90	684.00	936.90	376.90	160.70	708.20	406.90	87.50	146.70	466.90	191.40	177.50	1021.30	684.50	618.60	528.60	676.40	395.20	279.40	214.70
497.20	776.20	430.50	774.00	280.20	466.20	0.00	385.80	453.50	497.20	510.10	358.20	609.60	551.40	593.60	234.00	369.90	635.30	924.20	469.70	583.60	744.10	426.40	735.30	449.20	375.80	784.40	531.30	382.50	487.00	459.20	434.10	414.00	760.40	431.50	601.20	121.40	418.80	536.40	274.30	422.30
452.30	498.70	60.60	496.50	375.50	321.80	395.40	0.00	192.50	452.30	361.70	264.90	347.50	406.60	629.00	563.00	245.40	649.30	646.70	520.20	601.20	466.60	456.00	735.60	175.60	305.50	506.90	178.20	343.40	359.00	196.40	285.70	457.30	793.30	414.00	392.90	494.20	448.40	166.50	369.60	295.70
316.70	365.80	170.50	363.60	465.10	396.90	485.00	158.90	0.00	316.70	436.80	340.00	211.60	481.70	520.90	560.50	320.50	685.30	513.80	499.90	490.50	333.70	344.20	610.90	46.80	380.60	374.00	288.10	418.50	434.10	197.20	360.80	532.40	695.30	421.50	257.30	583.80	336.60	242.70	459.20	340.90
0.00	601.80	451.50	599.60	726.90	677.90	540.50	440.70	356.10	0.00	717.80	621.00	151.70	762.70	221.10	437.00	601.50	562.70	684.10	362.50	246.90	569.70	131.70	345.80	359.10	661.60	610.00	519.50	699.50	715.10	338.40	641.80	813.40	430.20	298.00	104.00	514.10	150.60	496.40	721.00	616.40
684.60	706.60	303.20	704.40	324.00	195.40	469.30	286.70	403.40	684.60	0.00	167.50	565.00	169.80	867.50	676.90	143.60	894.40	854.60	765.30	848.50	674.50	690.60	943.50	383.50	204.70	714.80	359.40	240.80	121.10	473.50	122.80	354.90	1027.90	659.50	625.20	537.90	683.00	347.70	316.60	96.00
579.00	601.00	217.10	598.80	198.10	160.30	376.50	181.10	297.80	579.00	200.20	0.00	459.40	245.10	761.90	584.10	60.00	820.80	749.00	691.70	742.90	568.90	585.00	837.90	277.90	112.30	609.20	324.70	167.10	197.50	367.90	124.20	278.10	922.30	585.50	519.60	426.10	577.40	313.00	190.70	116.90
179.20	484.60	301.90	482.40	617.00	528.30	629.70	321.60	229.40	179.20	568.20	471.40	0.00	613.10	312.20	526.20	451.90	650.50	632.60	458.60	351.90	452.50	237.80	399.30	209.50	512.00	492.80	369.90	549.90	565.50	228.50	492.20	663.80	483.70	387.20	69.90	603.30	256.50	346.80	611.10	466.80
614.30	636.30	235.80	634.10	257.10	214.90	402.40	216.40	333.10	614.30	169.50	127.00	494.70	0.00	797.20	610.00	114.60	827.00	784.30	697.90	778.20	604.20	620.30	873.20	313.20	198.60	644.50	292.00	236.50	153.30	403.20	127.90	350.40	957.60	592.10	554.90	471.00	612.70	280.30	249.70	49.70
250.70	733.30	606.80	731.10	827.90	842.10	573.20	595.50	519.00	250.70	882.00	785.20	375.20	926.90	0.00	341.80	765.70	381.60	815.60	168.40	40.40	701.20	182.40	228.10	531.70	825.80	741.50	664.90	863.70	879.30	486.70	806.00	961.70	278.20	222.40	327.50	548.00	174.80	659.30	822.00	775.50
402.40	933.00	592.50	930.80	501.20	675.10	232.60	571.90	573.70	402.40	719.00	567.10	533.60	760.30	402.50	0.00	578.80	444.20	1017.20	278.60	392.50	900.90	331.60	544.20	606.00	584.70	941.20	650.60	591.40	695.90	463.10	643.00	635.00	569.30	331.10	506.40	206.20	324.00	645.00	495.30	631.20
579.50	601.50	217.60	599.30	220.70	106.80	366.00	181.60	298.30	579.50	172.60	64.20	459.90	217.50	762.40	573.60	0.00	821.30	749.50	692.20	743.40	569.40	585.50	838.40	278.40	90.50	609.70	314.00	128.40	169.90	368.40	96.60	242.30	922.80	586.00	520.10	434.60	577.90	302.30	213.30	123.90
447.80	931.00	532.30	928.80	774.10	823.80	582.30	528.80	571.70	447.80	814.40	766.90	541.20	859.30	389.10	393.70	747.40	0.00	1059.70	270.20	368.90	898.90	374.10	304.60	604.00	807.50	939.20	590.40	845.40	809.70	464.20	740.40	907.90	233.20	261.90	550.10	555.90	366.50	584.80	768.20	701.00
742.90	155.70	587.80	182.80	918.20	814.20	951.30	615.40	533.60	742.90	854.10	757.30	655.10	899.00	768.50	1028.30	737.80	1109.00	0.00	911.10	785.20	223.50	708.40	904.50	513.70	797.90	157.90	703.70	835.80	851.40	730.80	778.10	949.70	988.90	844.30	716.00	1050.10	734.90	655.00	910.80	753.80
347.80	843.90	506.60	841.70	679.50	752.70	424.80	495.30	497.10	347.80	788.70	695.80	463.50	833.60	190.80	193.40	676.30	227.70	926.20	0.00	180.80	811.80	273.20	332.50	529.40	736.40	852.10	564.70	769.70	784.00	386.50	714.70	813.30	352.80	122.20	438.10	399.60	265.60	559.10	673.60	675.30
223.30	695.70	579.40	693.50	821.20	814.70	575.00	570.10	491.60	223.30	854.60	757.80	337.60	899.50	79.80	348.80	738.30	388.60	778.00	175.40	0.00	663.60	155.00	235.10	504.30	798.40	703.90	637.50	836.30	851.90	461.30	778.60	950.20	285.20	199.70	289.90	548.60	147.40	631.90	815.30	748.10
617.80	47.90	417.90	44.20	748.30	644.30	781.40	445.50	363.70	617.80	684.20	587.40	485.20	729.10	714.00	924.20	567.90	1049.00	201.50	856.60	730.70	0.00	653.90	850.00	343.80	628.00	47.20	533.80	665.90	681.50	560.90	608.20	779.80	934.40	785.20	546.10	880.20	659.20	485.10	740.90	583.90
107.40	653.60	472.60	651.40	720.20	699.60	489.30	457.50	375.70	107.40	739.50	642.70	240.60	784.40	261.20	385.80	623.20	511.50	740.90	311.30	230.80	621.50	0.00	397.50	388.40	683.30	661.80	536.50	721.20	736.80	349.00	663.50	835.10	466.60	246.80	211.40	462.90	99.40	530.90	714.30	647.10
406.10	798.20	689.20	796.00	985.40	915.60	730.70	708.90	616.70	406.10	955.50	858.70	408.80	1000.40	205.50	509.20	839.20	315.00	880.50	334.90	245.90	766.10	371.20	0.00	596.80	899.30	806.40	757.20	937.20	952.80	637.30	879.50	1051.10	113.50	421.70	430.30	714.20	363.60	734.10	979.50	854.10
357.20	377.80	123.70	375.60	427.10	350.10	447.00	112.10	55.10	357.20	390.00	293.20	252.10	434.90	561.40	586.90	273.70	712.60	525.80	526.30	531.00	345.70	384.70	639.30	0.00	333.80	386.00	241.30	371.70	387.30	223.60	314.00	485.60	723.70	447.90	297.80	545.80	377.10	195.90	421.20	294.10
678.20	700.20	316.30	698.00	200.30	139.60	396.50	280.30	397.00	678.20	257.70	133.20	558.60	286.60	861.10	604.10	111.30	920.00	848.20	790.90	842.10	668.10	684.20	937.10	377.10	0.00	708.40	412.70	77.00	239.00	467.10	195.30	201.20	1021.50	684.70	618.80	458.50	676.60	401.00	207.90	222.60
649.60	48.90	449.70	24.90	780.10	676.10	813.20	477.30	395.50	649.60	716.00	619.20	517.00	760.90	712.30	956.00	599.70	1052.80	156.90	854.90	729.00	65.60	652.20	848.30	375.60	659.80	0.00	565.60	697.70	713.30	592.70	640.00	811.60	932.70	788.10	577.90	912.00	678.70	516.90	772.70	615.70
552.30	585.80	112.90	583.60	511.20	407.40	551.80	193.80	282.60	552.30	390.30	354.20	444.20	435.20	692.60	629.80	330.80	701.90	733.80	572.80	662.20	553.70	524.40	822.70	262.70	391.90	594.00	0.00	429.80	385.60	342.90	316.30	543.70	845.90	467.00	492.90	650.60	516.80	94.20	503.80	276.90
708.40	730.40	346.50	728.20	189.00	110.90	383.50	310.50	427.20	708.40	270.10	155.30	588.80	299.00	891.30	591.10	141.50	950.20	878.40	821.10	872.30	698.30	714.40	967.30	407.30	99.20	738.60	442.90	0.00	251.40	497.30	225.50	140.60	1051.70	714.90	649.00	445.80	706.80	431.20	196.60	252.80
701.20	723.20	322.70	721.00	344.00	149.60	489.30	303.30	420.00	701.20	66.30	202.90	581.60	86.90	884.10	696.90	179.00	913.90	871.20	784.80	865.10	691.10	707.20	960.10	400.10	240.10	731.40	378.90	195.00	0.00	490.10	177.40	309.10	1044.50	679.00	641.80	557.90	699.60	367.20	336.60	136.60
349.30	516.10	185.40	513.90	439.10	412.40	459.00	155.00	156.80	349.30	452.30	355.50	244.50	497.20	543.60	482.80	336.00	585.40	664.10	456.30	513.20	484.00	355.30	643.80	189.10	396.10	524.30	303.00	434.00	449.60	0.00	376.30	547.90	728.20	333.80	289.90	557.80	347.70	291.30	433.20	403.60
614.30	636.30	232.90	634.10	253.70	150.70	399.00	216.40	333.10	614.30	130.10	97.20	494.70	177.30	797.20	606.60	73.30	824.10	784.30	695.00	778.20	604.20	620.30	873.20	313.20	134.40	644.50	289.10	172.30	129.70	403.20	0.00	286.20	957.60	589.20	554.90	467.60	612.70	277.40	246.30	75.20
811.20	833.20	449.30	831.00	202.20	174.40	425.50	413.30	530.00	811.20	339.80	278.00	691.60	368.70	987.30	633.10	244.30	1006.60	981.20	863.40	966.90	801.10	817.20	1070.10	510.10	221.90	841.40	545.70	150.40	321.10	571.40	328.30	0.00	1150.60	771.70	751.80	488.60	809.60	534.00	208.70	355.60
492.60	918.30	689.10	916.10	930.90	980.60	728.50	685.60	728.50	492.60	971.20	923.70	528.90	1016.10	268.80	514.80	904.20	248.10	1000.60	334.30	296.50	886.20	429.20	159.40	716.90	964.30	926.50	747.20	1002.20	966.50	621.00	897.20	1064.70	0.00	418.70	523.50	712.00	421.60	741.60	925.00	857.80
235.60	728.50	432.60	726.30	674.40	678.70	426.20	421.30	410.00	235.60	714.70	621.80	365.80	759.60	230.20	278.10	602.30	312.90	810.80	149.20	202.70	696.40	155.80	371.90	440.70	662.40	736.70	490.70	700.30	710.00	312.50	640.70	808.20	422.90	0.00	322.70	399.80	148.20	485.10	668.50	601.30
175.20	530.00	347.50	527.80	622.90	573.90	635.60	336.70	252.10	175.20	613.80	517.00	47.70	658.70	326.10	532.10	497.50	656.40	678.00	463.40	349.00	497.90	233.80	420.60	255.10	557.60	538.20	415.50	595.50	611.10	234.40	537.80	709.40	505.00	393.10	0.00	609.20	252.70	392.40	617.00	512.40
475.20	866.90	521.20	864.70	365.20	568.30	117.90	476.50	544.20	475.20	612.20	460.30	606.40	653.50	579.30	212.00	472.00	621.00	1014.90	455.40	561.80	834.80	404.40	721.00	539.90	477.90	875.10	622.00	484.60	589.10	535.90	536.20	499.00	746.10	409.50	579.20	0.00	396.80	627.10	359.30	524.40
115.00	646.10	440.30	643.90	689.90	667.30	432.10	425.20	363.00	115.00	707.20	610.40	248.20	752.10	235.60	328.60	590.90	454.40	728.40	252.40	205.20	614.00	7.60	378.00	393.70	651.00	654.30	506.20	688.90	704.50	318.70	631.20	802.80	438.00	189.70	218.80	405.70	0.00	500.60	684.00	616.80
491.80	507.20	126.20	505.00	472.50	368.70	565.30	207.10	208.30	491.80	351.60	315.50	365.60	396.50	668.10	643.10	292.10	715.20	655.20	586.10	665.60	475.10	519.30	744.10	188.40	353.20	515.40	110.50	391.10	346.90	356.20	277.60	505.00	828.50	480.30	426.50	664.10	511.70	0.00	465.10	238.20
677.50	739.30	393.60	737.10	84.00	321.90	263.20	348.90	416.60	677.50	397.80	221.00	572.70	439.10	830.00	475.90	257.60	857.50	887.30	706.10	817.80	707.20	668.30	971.70	412.30	229.50	747.50	494.40	238.20	374.70	422.30	321.80	217.80	996.80	622.60	618.10	308.90	660.70	499.50	0.00	310.00
645.00	660.20	239.00	658.00	275.60	204.00	420.90	259.20	357.00	645.00	188.10	102.60	518.60	233.00	820.90	628.50	126.60	830.20	808.20	701.10	790.50	628.10	652.70	897.10	337.10	187.70	668.40	295.20	225.60	157.20	446.00	103.90	339.50	974.20	595.30	579.50	489.50	645.10	283.50	268.20	0.00
